0.394396
0.287518
0.791250
0.609618
8.577692
0.104464
3.296921
0.234451
1.023997
0.765861
0.614685
1.424627
1.753325
1.416431
0.868445
3.742831
3.580627
3.300867
2.300810
0.794305
6.087834
1.435481
0.151515
2.322407
1.190802
0.072251
0.343810
0.789380
1.425649
0.889332
0.406921
2.334087
1.357957
1.430126
6.050317
1.304566
1.649841
2.846780
1.782026
6.563280
0.160780
3.853251
1.277034
2.163947
0.898328
3.476326
1.415175
0.433654
2.000378
0.423072
1.479217
1.756749
2.426744
1.810991
0.633352
0.328488
1.994672
1.122043
1.298552
0.303697
3.105508
2.167490
3.539163
0.660347
0.378723
3.037784
2.857115
2.650344
1.553708
0.861891
2.385908
1.921495
0.457485
0.369292
0.652755
1.670830
9.855759
3.080156
2.864563
1.961383
7.484173
0.667971
0.470156
2.273263
4.233773
1.311409
3.550596
1.429695
4.822522
0.736752
2.108894
2.398857
7.000948
1.312515
7.807588
0.307071
0.608318
2.695535
4.184199
3.243081
0.189250
1.703106
1.088762
0.698414
2.708426
2.396422
3.947401
2.653093
1.322917
1.947282
0.891188
1.233104
4.733828
1.683511
0.300017
3.081918
0.102525
7.004225
0.703539
6.451222
0.651486
5.919676
2.151172
0.569576
1.122075
2.036298
0.989104
2.352973
0.952582
0.620478
1.362617
1.266753
3.664870
4.903211
2.887475
1.743716
1.894073
1.961735
0.760864
0.201881
0.568201
2.253963
1.624811
0.333383
0.562173
2.378235
5.605726
0.699136
2.189498
0.538170
0.589483
5.742990
0.406913
4.910967
0.424437
1.901131
1.610014
1.741526
0.728024
5.371578
3.769015
3.210522
1.025108
2.329970
2.496600
0.360628
0.629144
0.786438
3.121358
1.765387
1.093363
0.076059
0.608499
7.574580
0.423554
1.415953
2.234692
0.279027
3.242693
0.825673
0.911855
0.118744
0.661500
1.598057
7.138429
1.280455
0.357564
1.487775
0.111439
1.265343
1.219708
4.651536
0.623928
3.898314
1.784974
7.926596
0.045715
3.935987
0.730909
3.349068
1.183334
2.598407
3.793174
2.468307
2.438810
0.083259
0.487404
0.947854
0.375055
0.037645
2.515287
1.540634
0.158715
11.823209
0.182845
0.098616
1.270208
0.578246
1.701238
1.485999
2.545280
0.059722
1.112367
8.829221
4.361186
0.034233
6.941123
4.807542
4.194949
0.643220
2.561910
0.782621
0.004545
1.697956
0.066594
2.454238
1.898263
0.572773
0.176158
3.064181
0.623060
3.218757
0.774416
0.843081
3.191862
1.049910
0.995413
0.622311
2.154667
6.700611
3.137696
0.954158
10.350729
0.492624
0.915541
4.263514
0.536524
0.819572
3.130793
0.238753
1.889518
1.439898
1.146666
1.901231
0.178473
1.266382
0.772387
2.396604
2.532639
1.037287
1.316373
8.510038
0.457972
3.251750
0.800274
0.003885
0.475699
2.559179
0.627616
4.098623
2.321666
0.125998
0.576919
2.285885
0.655280
1.924095
1.653321
1.445853
6.162495
0.872323
1.973408
1.666313
4.030451
0.131325
0.394030
6.076470
1.521388
1.383028
2.101786
0.577474
4.683799
0.284475
0.539941
0.229735
5.492924
1.671126
0.234094
0.319221
0.679968
0.955418
0.037755
7.377213
1.162686
0.627460
2.134890
2.547579
4.363815
0.493351
0.535499
3.681125
1.697698
3.962412
1.043762
1.155365
5.197947
1.760971
0.991490
1.226116
0.176791
0.084266
2.469545
8.923253
0.381940
5.826363
0.204004
0.232367
1.435155
0.464946
0.594690
3.221732
1.769710
0.645687
2.985789
0.056962
1.575780
1.129130
2.759111
1.132572
2.099636
8.173975
0.639425
0.502292
3.732632
2.280363
2.162884
2.947696
0.617559
0.106331
0.520823
0.862362
0.195301
5.573046
0.827141
0.620883
4.309402
1.144293
0.945022
1.008790
2.060688
2.009027
0.437344
0.523618
4.809019
7.129320
0.597947
1.213523
1.031964
0.013507
4.365290
0.109091
9.198540
0.350849
0.643652
3.606631
3.679441
5.499919
1.863854
0.225880
8.820246
3.609344
1.221492
0.168679
2.972994
3.177011
0.854678
2.145296
0.526517
2.577049
0.111084
4.152055
0.886646
0.576545
0.221672
0.623377
0.502407
0.903024
2.565144
1.962843
0.924280
1.882879
2.268312
0.892595
2.946610
6.135843
0.434459
1.893352
4.406418
3.233537
2.537144
4.197626
2.026332
0.386736
6.353493
1.057873
7.122081
0.730672
0.142277
0.453920
0.061659
0.261801
0.161596
0.983547
0.934057
0.403093
2.135679
1.809089
1.578742
0.952612
0.498194
4.952342
8.994514
4.581357
0.645768
2.851682
3.824935
1.274279
0.929364
2.708323
0.636716
0.189571
1.931143
4.806802
0.619183
1.723195
0.772380
0.543209
4.300584
0.985402
1.162824
4.904703
1.433737
1.461746
0.720128
4.323194
2.414930
6.369812
1.308363
0.567156
0.823603
2.412139
0.355507
0.790252
1.829737
1.155332
0.180065
1.201921
4.815676
1.224107
0.430230
0.403371
1.589012
3.351006
0.193547
3.368853
0.989574
1.064088
0.107421
0.639995
3.235173
1.359218
0.415915
0.751844
0.023531
1.347186
0.441800
2.494752
1.191114
2.268494
6.420720
3.086261
0.952733
0.261377
0.239130
7.669643
1.647889
0.443270
1.124624
1.274640
2.137462
1.954532
2.122290
0.458202
1.146989
2.742251
0.038775
3.506002
0.345794
0.148358
0.212046
6.457794
1.663345
0.680350
0.639703
1.717817
3.014493
1.277114
0.682498
0.515536
0.325701
0.572103
0.027213
1.506840
0.928155
0.269826
1.417094
5.393843
0.786087
5.553222
1.034626
7.986097
1.648391
0.119119
0.412348
12.293690
3.259274
0.460108
3.481447
6.581559
0.648702
5.185943
5.132425
3.686311
0.480470
0.438595
1.082771
9.666108
2.210448
2.456373
0.495035
3.420123
6.244996
0.529958
0.856623
0.792728
0.889408
3.876334
0.601738
2.303941
3.157655
2.179534
2.190495
0.877617
2.556859
3.819081
0.870989
1.491093
0.118143
0.391208
1.340034
0.814026
0.217097
1.060269
0.387284
0.760827
1.874984
1.803326
0.737666
0.649397
0.717019
1.500377
0.202737
0.594754
2.858406
1.176823
1.756420
0.254500
0.715705
3.719640
3.253910
0.198773
1.418572
1.266047
1.194957
0.521510
0.773879
3.247666
2.813444
0.950365
7.876766
0.557723
2.493711
0.174135
2.127433
4.389977
1.021006
0.610934
1.318443
2.463822
1.555126
3.065222
0.538344
2.026018
0.084281
11.303295
0.170390
1.965603
0.246539
0.964122
1.269901
5.037694
1.296722
7.637319
0.983562
5.231879
0.465310
2.471143
2.616884
6.573674
0.183266
2.477678
0.461302
3.220404
3.156503
3.943872
2.334594
0.430030
0.264855
0.376371
4.640199
2.184321
6.227594
0.296360
0.717309
11.509920
0.288232
0.965939
1.948750
0.575863
2.900958
0.194366
0.371779
0.555834
0.146546
1.633336
0.371553
0.652086
0.622392
4.591225
0.551122
0.876978
1.881064
1.184207
0.337175
1.032495
0.735328
3.714971
1.816224
1.130155
0.031191
1.380109
0.202279
7.083857
2.022168
1.013592
6.876275
2.942730
3.033979
1.785380
0.041580
1.580069
2.298070
0.421960
3.110003
2.802494
2.759101
6.357002
0.064915
0.031727
3.898964
0.637080
0.926383
1.259339
2.543273
1.492549
4.087788
0.055314
0.923454
1.259187
1.228531
0.973177
6.741905
1.620058
0.881116
1.841696
6.103850
0.783711
0.931089
2.643718
4.921888
0.997735
0.655708
1.821130
1.749300
0.141580
0.865920
0.804840
0.054115
0.966906
0.852474
4.314319
2.135041
2.530039
0.866430
0.942465
0.558466
0.502200
1.031828
1.900947
2.337516
3.961107
13.325411
2.127787
1.079692
0.877149
0.593336
0.923735
2.274145
1.982653
0.217967
1.802257
0.043873
0.965081
0.425377
1.856169
1.199785
1.566168
5.497433
1.299501
5.217003
0.665438
0.899369
1.746918
0.001590
2.501777
6.352714
0.560568
5.491668
0.896666
3.902071
1.961939
0.505441
3.884171
0.656850
2.045954
0.475602
1.538554
0.020850
4.430683
0.362008
0.241233
1.326294
0.414702
1.371997
2.256275
3.140006
5.895488
0.495308
2.603506
1.108044
0.315005
0.022069
3.097971
2.605528
0.023677
1.391446
2.319803
0.591965
1.149276
0.097941
0.242241
0.128318
0.632454
7.058170
0.837365
4.851384
0.402541
4.219620
5.100918
0.152019
0.090637
0.072457
1.632733
0.526818
1.518544
0.534007
0.047618
1.306065
1.209173
2.784412
4.705673
1.829709
2.874733
2.358154
0.793939
2.976353
0.430658
0.028459
0.061775
1.992917
0.127839
0.312111
2.361551
0.810007
0.244689
0.071351
0.561039
0.706121
4.901833
0.364394
0.926160
6.344573
0.451652
5.279552
0.420615
2.649542
0.355749
0.479544
0.480760
1.917625
6.685840
0.252424
0.486890
2.597401
3.332119
1.569310
1.391621
0.009489
1.632218
1.517486
2.018725
1.933962
2.255467
0.796507
6.106573
3.134580
0.903714
0.439810
0.186108
0.649633
0.905013
1.230570
0.536890
1.669934
0.982490
1.107109
0.714056
1.601858
2.033826
1.442757
0.367222
1.847419
2.002012
0.968425
0.801165
1.172176
5.249456
3.560455
1.189261
1.328699
0.902428
0.175003
0.222227
0.080351
1.063046
0.119413
3.552987
2.990839
0.589720
5.042105
0.109304
1.931657
0.953294
0.681092
0.410223
2.915789
2.501538
1.329861
0.766515
0.867747
15.693573
1.331465
6.200509
1.999885
4.079223
0.671037
0.157220
3.193648
0.247576
1.483974
0.664949
1.306232
1.871026
0.982098
1.463600
0.040214
1.181091
0.860726
3.176835
2.416894
0.627647
3.780118
0.773301
2.091037
0.295968
1.410905
1.074903
3.811256
9.608626
2.649474
0.454495
9.515400
0.497513
0.344518
1.953749
0.188953
1.171355
2.402045
4.371598
1.640617
0.504493
0.373781
0.080150
3.550537
1.635069
1.633979
3.800491
0.008932
4.771228
2.078158
2.446959
0.390375
1.367014
0.053647
3.495219
2.003218
1.521062
0.553022
1.323230
1.486303
7.434721
2.324761
1.450523
0.436143
3.735096
0.300056
0.673977
0.681517
3.645631
0.381583
3.773993
0.126682
0.843678
4.374169
4.450111
4.658708
1.181170
2.712746
4.752406
0.873801
0.984093
1.898106
1.515518
4.304591
2.039746
0.883515
1.453387
0.377342
1.825939
0.000955
2.383617
1.708376
2.327818
0.476846
2.941992
1.523858
0.866022
0.116077
3.451991
0.421137
0.522941
2.220224
0.578708
1.707768
1.633952
0.309082
1.295901
0.008481
4.336077
0.968954
0.886944
0.641029
11.535452
4.405119
0.343968
2.022480
0.566250
2.244799
3.302327
3.731809
2.247736
1.404383
1.088127
0.901082
2.522020
0.421241
4.525798
0.141014
0.565534
2.531383
0.596692
1.294002
0.983464
1.423472
0.103910
5.862448
2.113406
1.499483
6.027779
1.544373
4.849324
0.739507
3.344997
4.779887
0.442729
7.028511
1.573147
1.178115
2.069767
0.870110
0.686091
0.770479
3.893640
2.475811
2.294107
1.706187
4.603719
1.727304
2.054356
0.316192
0.702909
4.603965
1.948998
2.308906
1.052380
2.237100
1.996294
0.127048
0.448184
1.746166
1.830315
0.238131
4.440784
1.061272
0.041662
0.188641
0.962531
1.665798
1.532120
0.054191
5.001679
3.492270
0.850653
2.985593
1.533855
0.058595
0.858989
1.143593
1.869179
9.453778
1.743217
4.678274
4.434389
0.457168
1.775208
0.714019
4.200715
0.496404
0.898152
0.163170
3.240346
6.505323
0.422914
2.365525
0.933931
0.474513
3.061051
2.813789
2.996009
0.767614
3.044951
2.371009
0.311649
0.274557
1.268492
2.277947
0.341921
3.416600
0.245109
2.891223
3.321174
2.388468
2.205164
2.415014
4.633461
0.592360
0.002586
3.019112
1.293077
0.902206
3.894547
0.652235
0.784319
0.098240
7.140317
2.391359
0.599899
2.816480
1.205148
0.072433
0.154116
0.534264
2.618494
0.492963
0.901031
0.445391
4.571592
1.467295
0.037281
0.027486
0.668831
3.525649
2.480673
6.082759
1.507913
1.894107
0.467847
1.513414
0.992234
2.308599
4.486101
0.571227
6.593739
0.492490
0.703035
5.462120
4.948433
1.621723
2.344151
0.918903
1.788538
2.891583
1.846621
0.774476
8.136750
6.733512
1.470906
4.260657
1.328514
1.549494
4.504751
2.935773
0.916530
1.860597
2.558967
4.548361
0.490987
5.329886
1.116918
1.877028
1.909639
0.776555
3.893158
1.726066
1.553254
0.333571
1.438857
1.216936
2.469853
0.454418
3.476660
0.714029
6.864528
1.113684
1.942064
6.014846
0.996750
0.306348
3.565000
4.204637
2.286378
2.593885
2.084929
0.100103
0.807526
0.921642
5.835254
1.596480
0.712296
0.936325
0.345544
4.924321
2.378982
0.032074
1.357972
0.537508
0.371522
0.011711
2.351970
4.218513
0.469127
1.449983
0.394244
0.389040
5.717359
3.221051
0.272445
0.816353
5.702815
6.394936
0.478967
1.953336
2.315249
3.937674
2.231043
0.036259
0.521730
1.925684
1.677943
1.506841
9.667141
2.593025
1.173959
2.327363
2.712891
5.524951
5.136612
4.859775
5.719017
1.908088
3.127259
0.329248
0.279653
6.982330
0.796654
0.151920
2.937197
1.217279
1.049461
2.489514
1.072437
1.941761
0.817216
0.212526
1.314138
0.015421
0.252891
2.484367
1.966330
2.320698
0.550172
1.924234
1.065935
2.307124
0.729364
0.338174
1.942306
0.519919
0.139810
1.660487
3.712430
3.905870
2.516464
7.316945
3.516776
0.090836
0.097067
1.819770
1.387539
1.216362
0.740443
4.938578
0.160058
2.070396
0.032598
1.635346
2.114125
0.289924
0.628844
0.652568
3.447096
1.427853
4.532825
0.534994
0.433258
0.451040
0.989484
3.387000
1.127105
1.224202
0.956659
0.641936
0.759397
0.201910
0.572118
0.310059
0.302641
0.702398
2.702159
2.047413
2.787172
0.103551
1.624285
3.528991
2.376868
1.698484
0.979659
0.854890
2.456571
2.140388
1.968211
1.504835
0.366261
1.478563
2.883454
0.899185
2.577916
0.333888
0.392606
0.337449
1.891141
1.634788
1.123578
5.247634
2.125208
2.270098
0.147475
3.168252
7.357862
3.343945
1.144027
2.593392
3.969455
9.584521
1.620680
1.632365
1.660076
5.714106
4.722775
0.632638
1.830684
1.518306
3.218347
2.913097
0.112041
1.657605
0.276393
3.018484
2.525896
0.734344
5.441696
0.797147
4.015783
0.905092
0.591960
1.468662
0.087040
0.792858
0.756809
0.034978
0.300265
2.777867
2.724399
0.003980
2.712424
0.711055
1.641378
0.731525
0.553507
1.253155
1.723159
3.682473
11.998729
0.947872
1.874720
0.106802
5.656408
2.674339
3.554797
2.146252
0.091505
2.897222
8.652832
4.825919
0.276449
0.556739
1.126428
0.376720
1.689173
2.738248
0.419024
2.473480
1.371665
5.403836
2.487221
0.545441
0.528242
0.633619
1.575034
1.284444
2.672060
0.261431
0.757423
2.653279
1.386237
5.143449
3.089478
1.162734
2.163560
1.922341
0.208342
2.446515
0.964666
0.179223
1.915164
1.433877
0.797069
0.095869
2.300477
4.584510
3.144999
4.118634
1.876217
0.681613
3.273435
0.772182
1.499426
0.076446
1.792103
0.150579
1.432339
0.797777
0.433969
3.504729
0.131354
2.375170
2.774452
3.796900
0.292156
1.059477
1.261300
0.535336
0.248795
3.799755
0.772950
2.642146
0.899362
2.095357
3.027846
0.093360
1.589078
1.699270
5.003683
0.341205
3.949910
2.570714
1.296862
0.984434
2.862164
0.142898
1.237027
0.635814
1.014633
2.136046
0.208424
1.237778
0.865742
3.783584
0.746936
1.335995
0.603399
3.022911
2.561017
0.947737
1.987555
0.087186
0.234331
9.654792
2.354696
4.423970
0.076650
0.549179
1.243313
6.231994
1.011540
0.783652
2.273338
4.144432
2.495910
1.159865
5.731153
0.382718
2.492323
0.833883
3.549531
3.335821
3.243001
0.401377
2.160904
0.242201
2.211868
5.076556
4.478588
0.992539
0.708808
1.481696
1.137823
1.051779
1.448381
0.268810
0.711886
1.609870
0.911034
2.874614
1.420785
2.878032
0.181188
0.415679
2.026333
3.214087
1.976253
1.734917
7.275194
0.831394
5.074659
3.260927
0.328521
2.569793
8.536528
3.343018
3.632626
2.128957
2.641272
2.624914
0.094801
0.063896
0.586415
1.308444
1.161114
2.934280
1.862390
2.693386
0.778098
7.136691
1.395653
3.553912
2.653309
1.778061
0.037368
0.929058
0.983571
2.078255
6.054498
0.899307
8.588984
4.118869
0.363792
0.296618
1.811665
0.330471
5.986357
1.135393
3.294263
2.297118
0.358283
3.844099
2.505973
1.083069
0.812471
0.336277
0.415429
5.618981
4.501201
1.426129
4.850904
1.011670
0.833177
2.078038
8.529450
0.890133
0.035854
0.938123
0.010940
6.968195
2.667872
9.610082
3.687696
4.663488
0.277713
1.151039
0.113522
0.165718
4.092134
3.969402
2.874550
0.070778
2.519475
1.295489
1.206304
0.102836
1.996838
2.045953
9.186995
1.493951
0.325831
4.634270
5.133125
1.350791
1.586566
4.796985
3.797753
1.666705
0.666910
3.871977
1.530269
0.040645
3.761575
0.944881
5.127676
7.559975
3.365184
7.649064
0.116734
2.309516
3.674556
3.419865
2.543336
1.628467
0.701662
0.378818
1.868601
5.246569
3.353600
1.817747
1.208949
6.613539
1.380170
0.945902
1.211777
0.094412
0.673701
0.726749
1.891023
1.685804
0.349641
0.316229
1.781528
0.015908
1.479509
1.437543
8.412696
0.821591
1.349910
0.085388
0.043967
0.805648
3.945375
2.704791
4.389104
0.341137
4.905236
1.369291
0.176025
2.596279
0.194681
1.543901
2.344473
1.789154
4.923832
0.312693
2.028517
0.448071
1.193533
0.572294
2.941557
1.882208
1.005370
0.892298
1.923232
4.998779
4.120231
1.846755
0.588050
0.903169
2.069137
0.647271
2.374570
1.408569
0.036055
1.751945
2.171506
5.370564
0.165186
2.745598
2.150331
0.377550
0.669526
0.858753
2.881474
0.444341
1.361734
1.023571
1.021432
5.737598
2.096353
0.373112
1.610555
0.091081
1.510467
0.374495
6.560660
1.030537
2.970783
0.489568
2.905221
1.083279
1.360906
1.236053
5.147324
1.432743
0.091116
1.764246
1.171373
0.264345
0.809032
0.215249
0.701492
1.920447
1.199752
0.121803
3.390141
5.798756
1.231112
0.487580
4.381649
0.231008
0.977266
1.163969
0.333532
4.969049
1.893361
0.246566
0.769251
0.974086
0.810270
0.178397
3.256893
3.505757
1.580765
2.600307
0.825596
1.787419
0.752609
3.041760
2.508252
2.078652
4.299998
0.021136
0.611691
0.814842
0.144274
0.166575
0.655838
1.506883
0.702696
0.367255
2.034099
2.296426
1.877920
3.139876
1.829742
0.499331
4.770381
5.019865
1.865339
0.551617
0.008141
1.056161
0.140346
1.598753
0.296476
1.041655
0.304568
1.200702
0.415160
3.874918
0.205590
0.147223
4.026451
0.896289
1.040417
5.498976
1.163572
2.311522
1.252083
2.673958
3.833778
0.218816
1.090003
1.239429
4.518614
0.039570
2.296702
3.254245
5.571490
0.683119
0.091140
5.707738
2.405299
0.238276
1.357581
3.632639
1.460809
2.010382
0.681485
2.446567
1.346516
0.976973
2.998524
0.881351
2.753744
0.402540
0.691860
0.418319
4.042204
2.835436
5.209980
2.548983
3.951879
0.850076
0.402590
2.828944
0.910926
4.007472
1.644016
0.725279
0.335673
1.857736
0.566163
3.849817
2.526838
2.688858
2.351988
0.537328
0.934692
7.848757
5.671914
3.979825
0.913595
2.532000
0.496131
0.242809
4.612208
1.435410
0.722108
2.920674
0.629046
0.520535
1.339912
0.281358
1.713262
2.220950
4.381694
5.669120
1.534737
1.190698
0.563183
2.344141
0.110242
1.354390
1.572218
2.947571
0.526035
0.538044
0.013130
1.855756
0.486997
5.908449
1.261851
1.748430
2.192771
2.326891
2.388938
1.670689
0.445591
0.000388
0.813282
1.268189
0.521039
3.456282
1.836667
3.267038
1.358422
1.342749
2.740954
0.058343
5.549152
9.519556
2.538980
9.478175
1.320943
0.611451
2.872622
2.508174
1.383435
2.928425
0.769185
2.513370
2.521939
3.094550
0.708256
0.964297
1.287819
10.741777
5.944794
2.244702
10.826962
0.665182
0.311135
0.509508
0.222583
2.732097
0.060200
1.824127
0.532836
2.989235
1.972652
0.376290
2.914276
0.849543
0.355286
0.576673
1.880612
5.179343
6.713651
0.230320
2.366349
0.669341
3.476596
1.056337
0.148584
0.261118
3.148727
1.580922
0.250549
2.707114
0.499105
0.240473
0.049849
0.908013
0.825529
0.278383
0.232637
0.917204
2.605703
0.842242
0.309799
0.877940
1.448016
4.829197
2.417171
2.266118
0.351297
0.744657
1.847178
0.269903
1.088244
0.703670
1.057531
0.558976
2.454619
1.316592
0.912122
1.385417
0.058099
1.323181
0.552721
0.573984
1.818925
0.618703
1.905927
5.480356
1.008415
2.576244
0.722727
0.265373
0.140633
1.183974
1.306162
1.749798
0.884372
0.399198
0.605048
1.461520
1.353812
3.989581
2.069578
4.848643
0.350044
0.113917
0.337527
4.042067
1.542796
1.474265
0.915398
1.670644
0.011002
1.876678
3.382894
1.846355
4.155685
1.124767
1.545187
0.631659
0.335329
3.683505
1.005306
0.502735
0.680011
4.153076
3.273202
2.074678
0.114363
0.137433
0.358399
1.585450
5.329018
3.308446
1.228125
0.190662
3.992056
1.904578
6.359772
1.027526
0.291576
0.788076
6.885603
0.304311
5.448189
3.062847
2.724298
3.313000
0.481401
0.662785
0.166786
0.918636
0.263722
1.289045
1.785877
1.061278
0.860715
1.008060
0.118172
1.039398
1.240973
0.500606
6.102108
0.997411
0.061320
1.060503
1.321793
4.494694
0.052044
1.166870
0.702183
0.351913
2.919393
0.613338
0.720478
2.421912
0.098124
0.094982
1.431939
0.607084
0.796355
1.789511
1.988973
1.202940
0.137370
0.498554
3.986753
1.076060
1.917063
5.080158
3.445251
0.164290
0.307643
2.975275
1.275597
0.379344
0.410699
6.209198
0.138894
0.474798
1.012270
0.902509
0.932562
0.360341
1.973839
2.248842
4.034210
2.248813
2.556964
0.950409
5.527843
0.102581
6.982318
1.674232
1.394278
0.073149
3.099307
0.910648
1.203020
1.035778
0.676260
0.638813
1.319753
1.122387
0.097360
6.185825
1.843824
0.530931
4.811183
2.213285
1.175683
0.733355
0.066088
3.398110
1.276709
2.156330
1.355742
0.827395
0.815743
0.481199
2.524908
0.634610
0.612619
2.320394
3.651883
2.903443
2.563792
1.970277
0.282184
0.383546
0.062642
1.084247
1.188144
1.442765
3.767228
1.368135
1.264294
1.196411
2.608254
0.950719
0.254611
0.380060
2.312305
0.329841
9.252641
0.341920
3.340709
1.317540
1.370135
0.317418
2.383799
0.479016
1.084793
6.447639
4.596403
0.595682
2.589477
1.945987
4.311665
3.898527
3.184727
4.930883
0.646229
0.560701
1.120553
0.264937
2.693537
4.555773
1.707909
1.264147
0.645480
2.367080
2.052082
6.495747
3.739609
1.998183
0.251780
2.143936
0.242751
1.905037
3.263583
3.328367
3.511437
0.504804
2.946775
2.594939
1.310349
1.373863
0.857962
0.907762
0.875472
0.314205
0.656648
1.991820
0.988149
2.467622
2.810402
0.278030
1.864427
0.797836
1.824082
4.276796
0.046049
0.548541
3.706842
4.059135
4.106136
6.518760
1.494251
8.531427
1.715193
0.803030
3.185289
1.031799
1.613808
1.676184
0.278097
0.070034
0.133023
1.302636
1.019162
1.085497
1.956465
2.273396
0.101459
0.027974
0.981858
3.260776
0.310210
10.320992
0.285665
2.709369
4.181696
0.338879
8.017594
2.543915
0.049549
3.841518
2.287043
1.600323
3.658454
0.594455
4.264643
2.021617
2.158569
1.142570
0.455158
3.121063
1.268293
0.623644
0.625637
4.063050
2.321440
4.463180
1.588092
2.665155
4.740272
5.495568
1.554580
0.103022
5.323998
2.238350
3.142148
3.286083
3.535849
2.974643
1.494474
3.845328
1.975182
0.465458
1.036797
1.258428
1.250068
0.673646
0.217544
0.266876
2.554275
0.732312
4.927710
0.423363
1.708950
0.405484
0.122990
0.605545
0.158418
1.871100
11.932782
8.112409
1.568597
1.543457
0.066891
1.283964
0.474580
3.486742
0.658011
0.082792
1.828053
3.286894
4.494938
0.513970
0.028846
0.710096
2.365793
1.304302
1.758111
3.185898
1.852653
0.730540
0.218024
1.463310
1.373410
2.265002
2.424003
1.625712
5.593980
3.015139
0.358350
5.511641
2.864575
2.459271
1.285782
3.161021
0.400204
2.313334
1.930964
1.238728
2.589385
0.492552
0.625045
1.937019
1.177264
0.664578
5.031852
0.298216
2.869256
1.402508
5.472862
0.910751
3.321757
0.078478
4.320057
0.732863
2.519343
1.768990
3.978573
2.129926
0.910245
0.055251
1.791519
0.271336
2.654907
0.136413
5.076551
4.958667
2.783818
1.553918
0.949355
1.297945
2.841700
2.078698
0.205770
0.454819
5.291141
0.034254
0.836886
2.347735
1.472185
0.649046
0.116575
0.804081
0.758446
5.670618
2.031353
0.064757
1.503150
1.390497
2.323867
4.488756
1.502812
0.653738
0.042190
0.610730
0.845490
5.690201
0.395309
0.202193
1.315828
1.629549
1.704622
0.550350
0.455247
2.225468
1.173852
0.284536
2.331569
3.082582
3.468214
0.469775
0.130194
4.241587
1.554738
0.951659
3.444801
0.392587
1.056929
0.860766
2.274365
0.205416
0.558757
0.465317
0.944594
0.614738
1.272480
2.554421
0.462584
2.100032
3.400257
2.333108
0.464694
0.991584
5.293605
1.058335
0.128549
0.933900
1.568402
2.777189
0.346290
0.914437
6.433485
0.502077
0.567437
1.387499
1.835775
0.141671
2.269702
0.022382
1.082998
0.885738
0.230235
2.168658
1.666587
1.327838
5.220721
0.073548
0.462241
0.285396
2.317832
0.047963
3.446848
4.479267
1.070946
2.777943
0.725982
1.295812
0.264224
3.766736
0.516077
0.664637
0.483840
0.414907
1.405381
1.239431
2.327262
0.222729
1.511267
0.911981
0.247764
5.928930
2.574627
0.510441
1.884670
0.683216
2.478680
1.539086
0.787505
4.972554
2.215868
0.023442
5.642779
1.351815
4.711027
0.877272
0.554074
0.470337
3.566921
0.910564
0.118408
0.122430
2.090933
0.635915
0.566657
0.332632
2.650539
5.447680
0.598453
0.614562
0.714944
0.940405
0.478972
0.049705
1.834477
3.466050
0.753521
0.744458
0.892656
2.039964
0.516465
0.060477
2.105660
0.367993
1.472489
1.624791
1.481088
2.879936
2.902893
0.877289
0.275757
3.466084
1.070472
3.003569
0.201012
2.164671
5.332537
3.542610
1.810575
0.419214
0.198415
4.529272
1.661243
0.734642
5.068493
0.359691
0.280051
0.534708
1.290254
1.349397
4.142893
2.427968
1.469922
1.489082
4.096652
0.084911
0.169492
1.002394
3.265735
3.754935
2.766877
5.418911
2.219005
0.357665
2.480545
2.903992
3.485374
2.049889
1.811625
1.091265
3.547220
2.343860
0.761517
1.003410
12.101890
0.541875
1.637888
0.274639
1.277067
0.070233
1.929904
0.849083
2.674973
0.300424
4.095548
1.875769
0.399443
6.082816
0.005487
8.491154
3.211443
2.788854
5.029071
1.267993
4.948616
1.987392
0.536883
2.699765
0.632102
3.558276
0.351695
0.213520
1.473981
1.299836
1.369410
1.464160
2.512267
0.112853
2.084846
0.414494
0.187240
0.619580
1.523329
3.507387
1.041325
1.035330
1.143317
1.768201
0.881114
1.153046
1.700009
0.338205
0.421877
1.353313
1.962245
0.223998
0.259035
3.939953
3.750513
0.996669
2.353729
0.015941
1.361318
0.479574
1.330481
9.108550
2.635752
0.449032
0.090710
0.955096
0.982956
0.287078
2.077462
5.086504
6.466958
0.106738
0.787506
1.008334
2.037113
2.290159
3.593257
0.475172
3.632664
0.049240
2.429107
1.241611
0.279155
3.481807
0.780253
7.540928
0.489491
0.029791
8.385765
2.481365
0.517514
1.272579
2.409887
6.452110
2.228536
2.730107
0.830981
0.124012
4.213152
8.548864
7.981326
3.651784
0.077585
0.733427
0.535543
2.259798
8.982479
0.143122
4.385762
3.499379
0.196063
1.790834
0.681212
0.506313
1.076396
1.891900
0.447819
2.006407
1.969538
0.410385
0.843526
3.854663
2.135723
0.090835
3.372098
0.795297
3.112121
0.336207
0.982780
2.201513
0.303539
0.923237
1.411681
0.394132
2.258529
2.703586
3.873075
2.190370
3.324460
2.726741
1.353345
4.679829
0.818240
3.031488
0.272368
2.788381
0.995309
0.794787
0.973123
0.037386
1.440790
2.614034
4.126875
0.371929
2.972453
2.327796
1.377509
1.654773
3.696241
4.343526
0.523224
8.182378
0.590785
2.667381
0.353819
5.390952
1.299107
0.036209
1.822666
0.679371
2.872185
0.187976
0.425569
0.206082
4.081390
0.768350
3.792593
0.607912
2.082110
0.536125
0.658748
0.349559
6.677222
0.333548
0.801120
2.681030
3.682018
3.518825
0.716492
2.302822
2.502671
1.515538
2.199769
6.989150
0.623365
3.534929
4.648191
2.736966
3.756941
1.386855
0.068175
1.879738
1.782447
0.510256
2.456743
1.232032
1.571273
1.628856
2.560374
0.424132
3.142814
0.005288
0.866022
2.827423
0.339798
2.288276
1.366593
12.058538
1.424072
3.180732
2.287653
0.505231
0.793322
0.856934
0.428545
1.808844
0.391367
0.199640
0.833249
0.050438
1.808427
0.937591
2.011472
0.409101
1.829719
0.835447
2.070680
0.310030
4.576639
0.914282
0.814993
2.347602
0.922642
2.317570
1.186863
1.492251
0.916575
5.716187
1.482123
4.190982
2.684716
0.458310
0.211218
0.137005
1.611681
0.693719
2.166069
2.626201
0.982356
0.004334
2.820511
8.176895
0.944522
0.989064
0.368377
7.445811
2.630551
3.354527
0.254381
1.989385
0.396961
1.210713
0.774190
1.595123
0.302234
2.926740
0.156731
1.418096
2.483813
1.826421
0.971868
1.195448
3.254805
1.327570
1.451948
0.882750
3.011926
0.391009
0.183932
0.363743
0.396280
3.713018
0.323923
1.624557
0.532955
0.764710
1.518534
6.735120
0.280508
2.107802
1.811142
0.744700
0.223081
4.969712
3.938821
0.564190
2.311683
5.492578
2.802290
1.009603
1.529718
0.298307
3.745667
0.825467
1.954547
0.900275
2.374952
1.027863
1.553231
3.054553
1.679363
2.544396
1.970514
2.529414
0.645760
3.940579
0.072136
3.299789
3.498663
0.363733
1.229983
1.095667
1.297015
1.664356
0.826374
0.823878
3.328815
0.047907
0.638950
1.661981
1.089604
3.301251
2.427679
0.619462
0.316190
0.790860
1.982110
3.680741
2.607366
0.369902
1.956945
0.703721
4.389974
0.577424
0.028806
0.359639
0.236116
0.102008
7.187804
5.544066
0.486724
1.130788
0.890276
2.363033
11.466248
2.392840
0.062614
3.294906
2.555916
0.725650
0.929929
0.304992
0.238382
0.155465
1.047800
0.598412
1.026316
0.074591
0.210354
0.278220
0.459993
2.574347
1.111959
0.197661
7.355649
1.162459
0.598654
0.180019
1.348708
0.525828
0.047649
2.451939
2.175676
0.965147
1.020697
2.156554
0.167921
1.126119
1.259515
3.238238
2.654751
3.654217
5.742245
3.757116
4.904726
0.865133
0.223614
0.757572
0.981285
0.460382
1.178207
1.799018
5.306221
4.106227
2.325242
4.692872
0.749255
5.838186
9.285294
3.248792
0.390107
0.028016
1.424645
3.668482
1.010739
4.798417
1.386631
1.297303
0.830262
6.844632
0.654723
0.155002
3.284802
0.503450
5.096035
2.548757
1.705222
0.055866
0.072712
6.512457
0.530966
1.311235
1.618002
0.355224
0.869409
0.554227
0.138750
2.187243
0.416631
0.118207
1.262104
0.909075
0.147942
7.585332
0.460145
1.262295
4.354986
2.445686
5.810641
0.513454
2.235414
0.508354
0.716193
1.305763
1.184747
0.504007
0.445917
0.041807
0.576176
0.537210
8.051860
1.321239
2.520617
1.539411
2.078056
0.142944
3.018119
2.498112
2.648339
6.818332
2.944711
0.451154
0.807503
3.689269
0.395461
1.543142
0.741941
0.136737
0.557634
0.589291
0.692048
4.960867
1.306507
1.800338
1.007533
5.224673
3.388433
1.810708
5.887176
0.137760
3.557561
5.303627
1.597149
1.586331
1.255945
0.436888
1.917181
0.562630
4.803844
0.863238
0.476871
2.279317
1.608103
1.571975
1.476241
2.632766
0.171212
3.566683
3.198781
0.787170
0.182321
0.189687
0.553244
1.673015
2.303924
2.028957
1.360131
1.387257
0.530563
1.162280
1.673120
0.132634
0.924758
0.248479
1.892240
3.622419
0.751026
0.518377
0.170578
0.503394
1.729607
0.695979
4.657679
0.281638
3.643085
1.105310
3.979204
5.058175
0.592785
2.164871
0.563756
0.842072
2.786359
1.336102
4.825078
1.144336
0.266381
1.034454
5.495867
0.885436
3.723096
1.397291
1.095939
0.483594
1.932924
0.068423
0.105385
5.395311
0.607502
0.285620
0.337207
3.675454
1.113651
0.118964
7.163611
0.616311
1.316825
3.608774
0.410281
2.685183
1.372960
1.128105
0.172130
0.571024
5.011717
9.889072
2.304469
0.088105
1.010702
1.935220
1.024346
0.552230
0.261930
3.459660
1.217829
2.712111
3.880312
1.416063
2.247624
0.251748
2.045907
3.545302
6.393009
0.139651
4.376114
5.355130
0.808858
0.924684
2.910812
1.460075
0.230878
0.611284
5.960123
0.425126
1.433734
4.043928
0.407585
0.435791
4.831532
1.740124
3.383468
0.746506
3.455867
5.579117
0.288190
0.652590
2.284355
9.315671
3.081643
0.879611
0.230344
1.111170
0.411482
0.140592
1.361278
0.153377
14.144568
3.501412
1.174028
2.903554
0.844585
1.610573
0.059261
0.695340
2.729306
1.557045
0.351740
5.287307
2.668973
0.149391
1.426592
1.608188
0.967339
0.807900
1.350844
1.458285
1.886965
0.377327
1.419328
1.010101
1.500593
1.919323
3.460822
2.501637
2.309474
0.761043
3.098111
2.304097
0.308270
0.526803
1.195155
1.336135
3.070580
1.304215
3.037090
1.506378
0.040343
5.703002
1.225113
2.826724
0.028637
6.884661
0.739761
1.013997
0.714299
3.221292
4.939095
4.839640
7.163752
1.101794
0.735146
1.386094
0.082780
0.279388
0.480782
2.584912
1.184328
0.002464
1.053286
1.781805
0.530009
3.921868
0.160288
0.035115
0.825966
3.903658
1.581704
0.887256
3.221161
0.009177
0.244272
3.368805
7.193553
1.103833
0.476880
0.637439
0.508228
0.272833
0.406639
0.437738
1.601858
1.352856
2.384899
1.791180
1.945436
4.820398
0.762631
0.142599
4.848005
2.592567
2.149001
0.311510
1.762457
2.660191
0.352604
5.155433
1.800510
2.463216
0.663543
1.000966
2.494841
1.012740
0.466911
2.312546
3.446061
1.090666
6.352765
0.093915
1.587580
0.306877
0.555319
0.208412
2.009241
5.592726
2.346200
0.590790
3.783217
0.015321
0.784839
2.859277
2.649156
8.162181
4.704301
0.770770
2.536376
0.137567
0.559068
0.748494
2.980185
1.493994
2.448046
1.336532
5.141804
4.910594
0.379289
2.733055
0.814473
0.280848
3.129707
4.280685
0.638364
0.067789
7.963371
4.751885
7.172288
2.229115
0.355469
3.445953
2.276189
1.336576
1.744885
1.067697
1.271742
1.334594
2.644516
0.419430
1.612083
7.573534
1.391812
0.795070
1.400521
0.464704
3.379442
1.114009
0.259068
8.875205
0.377693
1.217643
0.253818
6.591939
0.826170
0.996618
11.195906
0.770559
0.711968
6.921237
9.578006
1.241101
3.121826
2.224917
5.982140
0.930832
0.177457
1.090462
3.918453
3.411602
1.880535
1.063451
3.176375
0.234988
2.697500
0.711203
0.766000
1.623251
2.591634
1.158502
1.570701
4.573665
4.520788
2.176688
3.952040
0.533367
0.114558
3.899280
1.614084
0.877585
3.500441
1.577130
3.402414
1.915893
0.488616
2.916038
8.921509
0.718098
0.415513
3.760905
0.255741
3.189807
0.601910
4.947631
4.770330
0.000649
0.484107
0.512660
1.624712
5.671020
2.192004
0.211230
3.661712
1.648728
2.883236
2.415318
3.175065
3.419892
1.636417
0.859705
0.383071
0.972406
4.505652
9.618631
0.002728
0.236783
2.847160
9.172566
1.066523
5.865324
3.631550
1.524328
2.723725
0.204458
1.192337
2.109629
0.205176
2.181689
4.205114
2.120843
1.859658
1.568998
2.804190
1.177944
0.222171
1.457028
0.316131
4.619393
0.820449
2.441457
0.575640
1.430003
0.188682
0.313312
1.396943
0.191680
0.593186
0.607094
0.169374
2.217114
0.467777
5.014018
0.454578
6.088444
0.031579
2.113356
1.853236
0.240197
0.760936
1.315429
2.912207
5.097928
0.051903
1.471175
0.914380
0.280262
0.077795
1.439582
0.063940
0.938886
0.492136
0.661368
4.333628
0.736797
1.112237
0.982416
1.020150
2.299115
2.099177
1.310738
0.871400
3.910460
1.019112
1.626105
3.330268
1.071956
0.468634
1.072097
1.501849
1.490346
4.544313
0.698908
1.185465
5.115683
3.382415
3.365362
0.109512
3.846294
0.792826
0.177113
0.518845
1.576684
0.912410
0.241989
3.842289
3.148969
1.394609
0.583675
1.292942
0.329732
2.647463
3.535661
0.021031
0.285657
0.974853
3.444041
1.588149
1.806177
0.539003
0.158239
0.255739
0.285779
0.927240
1.675038
0.114577
0.413312
0.960406
0.230737
0.082799
2.466209
0.430625
0.626841
0.586101
1.642083
0.965833
0.227629
0.870548
4.327265
0.894720
3.532433
0.075582
0.198638
2.147752
0.097427
0.516618
0.090232
4.062698
2.989043
2.036633
0.222045
3.817233
2.844501
0.544225
0.503889
0.789189
0.696024
1.053276
2.457821
1.031248
1.195555
1.075716
1.815568
2.538978
2.217433
0.340651
0.215267
3.006502
1.424750
8.706711
0.297651
0.826622
0.049040
0.530085
11.528297
0.148948
1.234114
0.083677
5.647251
0.538674
2.277449
0.093536
0.183855
1.154651
0.667934
0.743696
2.893352
1.724705
2.545601
1.277460
7.895734
0.372469
4.379223
1.722123
4.395474
1.633151
2.647740
9.418678
0.817897
0.557890
7.644885
1.284649
1.744366
0.004701
2.453517
1.729409
0.154013
0.365992
1.934112
0.029670
1.032824
0.712128
0.124638
1.351288
2.680153
0.844223
3.236072
1.397619
5.106492
1.474892
7.366634
4.663524
2.352632
3.974094
1.308478
1.737541
1.092760
0.481747
1.695033
2.826174
1.223052
1.595451
0.524136
0.080477
1.605904
5.538775
1.926051
1.967595
0.220809
0.543783
2.047959
1.418028
1.542802
2.416323
13.901646
0.645402
0.093330
3.226434
3.015862
6.869374
0.778457
2.800731
4.090313
0.028213
1.916275
0.864037
1.805469
0.076133
1.664182
0.363194
3.159374
0.045185
2.515525
0.049613
0.127539
0.623147
6.529901
2.279134
4.485196
0.137263
5.004649
1.529952
1.707572
1.216659
0.538136
1.703078
2.630183
0.661185
0.936799
1.427446
0.573409
2.384202
0.612170
0.255454
2.478680
4.241683
1.272435
0.727587
4.987988
0.072437
1.273640
2.485295
0.119308
0.413405
2.662722
0.254959
1.211903
2.392562
3.216187
0.856227
2.887957
2.530538
4.289752
0.825624
0.381298
0.253001
4.848499
4.710444
1.022746
0.672211
1.073348
2.097330
8.020315
2.272543
2.935021
2.357223
1.637673
0.549428
11.799315
1.294345
0.645324
1.263305
0.416158
0.812004
2.128574
5.147202
1.208001
0.231879
1.942673
0.583676
1.223996
0.973685
7.077273
0.833005
2.572170
0.312195
1.230437
2.016291
0.101854
3.929451
5.065433
1.250837
1.424254
4.654301
0.310850
0.653960
1.806358
2.428076
1.464244
1.792880
0.395635
3.168456
0.124321
0.915637
0.275274
2.512599
0.688018
1.744378
3.483259
4.872246
3.604529
0.663962
0.707464
3.280022
1.951816
0.043645
6.013445
0.172483
2.138249
0.000397
5.709610
1.721940
1.251578
1.202352
1.306602
1.878656
2.624121
0.154617
0.748265
0.574959
2.195482
1.352952
0.091547
2.593961
3.917033
0.380692
1.166572
0.325061
2.815374
0.620411
0.129099
1.784984
1.593476
0.893972
1.009649
0.378337
0.962641
0.852157
0.588689
0.078988
0.852765
0.439831
1.914082
3.345761
2.095344
0.201072
1.094302
0.956014
0.372762
2.644898
1.987586
3.620892
0.510076
2.245227
1.655932
0.175577
3.766417
0.010028
0.533290
1.848596
0.634099
0.703560
0.430243
3.439712
2.140122
1.782928
9.999663
0.079657
5.525435
0.570679
0.161921
0.668188
1.179934
2.366657
0.202533
0.199422
3.115491
1.458427
1.288268
6.409572
0.578647
0.221222
3.177813
1.293836
3.021762
0.889184
1.643725
1.973337
0.904848
3.164063
0.523700
2.019120
0.190838
1.103052
1.219558
2.756815
0.027944
1.194910
3.093548
6.021890
2.394862
4.002533
0.535153
0.310235
1.635510
0.804170
0.545157
0.855323
3.778146
2.499818
0.734606
0.210761
3.409498
0.217960
1.717746
1.819954
1.240410
0.294099
0.508881
3.498337
5.352861
1.214024
1.238687
0.044900
4.223155
5.007717
2.941270
4.466639
0.917798
1.629665
3.710457
0.136669
1.096787
0.163182
0.470780
7.895407
1.053325
1.189587
0.796986
0.597393
0.352980
2.021584
0.887062
7.821510
2.688932
5.454293
1.722853
0.450008
0.148032
3.239897
0.055911
0.005076
0.594426
1.343831
0.050091
0.292521
1.046815
3.169053
0.058642
2.987962
0.868475
4.118936
3.684945
2.977668
6.024920
0.105351
2.813528
0.893377
1.384837
0.174898
1.927144
2.166039
2.544531
7.519116
2.051112
1.229134
4.844997
0.493961
2.161222
8.107561
0.042315
2.330661
8.423308
0.651598
0.390695
0.019925
1.069270
1.758727
3.268158
1.170425
0.894062
0.341837
0.758106
0.451420
5.361087
0.619365
0.584351
2.320164
1.970086
2.796719
2.941735
0.562206
1.070327
1.346994
0.501428
0.114897
5.959829
0.285561
0.642267
1.882268
0.245915
0.700842
0.707630
0.212671
1.705028
1.290415
0.234843
8.808607
0.124601
4.945748
1.127004
1.092474
0.151102
2.743036
1.950626
0.008501
0.025357
4.179602
2.347412
2.038727
1.984651
1.236284
4.312209
0.089394
6.037306
0.224054
0.209704
4.611898
0.546337
0.937499
1.427315
0.876187
2.216261
3.302040
1.216185
0.558060
0.667011
1.671273
0.526000
0.843163
1.315790
2.169690
2.895205
1.618585
1.049593
0.981368
1.637733
1.092639
0.613269
0.574964
0.123960
4.476723
2.482001
5.776379
5.531775
2.169644
0.103225
0.074619
1.652781
0.683119
1.058107
0.150578
2.066061
0.168203
4.251733
0.210021
0.783552
0.358882
2.193746
1.621172
1.419587
0.320680
0.490391
0.637990
2.427864
1.965783
2.162999
0.607736
0.095642
5.180373
1.434436
0.225875
3.411467
0.504107
0.104939
2.816595
4.322778
0.213879
3.141037
1.185550
0.991081
0.453551
1.466828
0.070906
0.666927
1.022998
0.288934
1.871490
1.663287
3.224914
0.356123
0.151433
5.942031
0.957871
0.849425
2.109507
0.012700
0.013960
4.901321
0.108966
5.375007
1.109050
0.348276
2.775073
2.090817
0.473815
1.409431
1.524081
0.748967
0.707113
7.874240
2.428814
1.389151
1.387211
2.678407
3.067509
4.617872
4.118685
0.995103
1.252098
2.235989
1.619774
1.545337
1.944738
5.486807
4.312871
0.639132
5.693902
4.436829
0.414784
10.598426
3.465110
1.898424
0.336420
1.704184
0.606014
0.910653
0.165088
3.166496
2.267121
0.946555
2.984986
0.960039
4.203481
0.644320
0.253792
2.169610
0.387293
9.567831
0.111057
2.050820
2.185471
1.878640
0.395857
0.675190
1.573841
0.131926
1.642195
1.333924
6.204552
2.751505
1.314553
3.012150
0.893527
2.024296
0.866802
1.944192
0.004649
1.127499
1.077091
2.281600
3.300221
0.425377
0.127298
2.314992
1.258504
0.398952
0.854686
2.060378
0.378636
1.027577
0.669299
3.630206
0.021882
1.247178
0.264082
1.622227
1.500780
2.302421
0.086591
1.318925
1.128090
1.485139
0.605163
3.134688
0.350310
1.897583
1.065844
0.355850
0.089409
3.538226
3.708524
3.816918
0.042668
4.709800
1.541868
1.339322
0.179712
4.328769
0.281235
0.597928
0.676420
1.074304
0.200951
0.707177
4.233415
0.495097
3.841090
1.046438
4.666784
4.523740
4.419296
0.813323
1.089299
0.328223
0.268279
1.737994
2.889067
1.547173
2.722212
3.299102
0.918239
1.768879
2.155004
0.986195
1.355144
0.438737
4.197432
1.725919
0.171450
0.017203
3.621914
0.921241
1.103831
5.379296
2.198890
0.724026
0.328294
1.469677
2.483465
0.111906
1.076604
1.839481
0.983834
3.618420
2.794550
1.443419
1.078603
1.454956
0.108329
0.349820
0.785309
1.092505
2.752861
8.307303
3.323067
0.548014
0.399995
2.326548
3.404881
0.611477
2.382133
2.124161
2.002222
0.256252
1.765515
0.711845
1.103240
2.676853
3.428377
0.290285
3.141957
0.538772
2.667239
0.398623
0.150241
1.343587
2.373473
1.343604
0.012202
2.752749
2.097817
0.803406
0.368787
1.012346
0.757004
7.683507
2.026017
1.371869
2.193723
1.212607
2.852581
0.899416
0.230600
0.996249
1.317272
2.376595
2.354037
4.738029
1.134800
1.433626
0.084830
0.510199
2.755427
3.010211
1.041300
3.431973
0.621804
0.212166
0.740466
0.638475
3.769826
6.393571
1.853275
0.033376
0.881071
5.032320
10.634423
9.976851
1.074379
2.164550
1.187764
0.385746
0.047278
1.627114
1.677474
1.409650
0.580657
0.600988
1.062846
2.310266
2.950177
1.209393
4.819117
1.464138
0.527322
0.759626
0.828913
1.382221
1.077973
2.092385
2.959254
0.615276
1.872139
0.944475
0.660812
6.656388
0.700890
0.647204
6.308322
2.484299
5.549594
1.038880
4.354556
6.488376
6.533399
1.211717
1.257735
0.481215
2.503120
4.224536
4.581992
1.327889
0.809321
3.310748
0.008559
1.662809
0.267040
0.841882
0.131304
1.560249
9.732645
3.613590
3.284642
1.833242
0.477061
0.183875
1.661485
1.417907
0.906056
1.474617
0.494560
0.718893
5.227658
0.223491
0.610164
4.389515
1.642519
2.616755
0.216205
0.640588
1.876964
0.002599
2.847974
5.680033
3.324391
2.883768
1.410998
5.475008
0.226537
1.686457
1.296039
0.209361
1.040074
0.666444
2.404747
1.923188
0.927970
0.612491
0.268338
2.660028
3.077905
0.845129
0.076367
2.490567
1.196999
0.714496
1.836360
0.021085
0.061213
2.429525
0.669691
2.037320
2.438296
0.089575
1.737369
1.446373
3.293421
0.181239
1.195909
4.916294
2.136065
5.234152
0.027781
0.127622
0.472389
2.498735
2.275961
1.742635
7.553941
3.270459
0.762891
2.875195
0.324399
0.875740
1.287354
1.833045
2.128372
0.156784
1.886192
2.311219
3.015727
4.510087
0.783290
1.319950
5.591476
4.698366
12.362363
2.742792
9.463225
1.188402
2.161471
2.085430
0.939945
2.244468
2.471073
1.760658
0.981269
0.984844
0.365332
0.907853
0.431214
1.323606
0.272494
0.842203
3.648609
1.842686
5.756580
1.361100
2.262770
1.616438
0.393967
1.217728
1.193784
1.397735
5.599252
0.983387
1.046487
5.532393
0.289260
1.016965
0.972578
3.172534
0.094385
2.854868
1.268851
2.816404
0.847553
3.897141
0.311608
1.436451
0.503068
0.825648
11.289021
0.860844
2.290765
3.605236
6.064013
1.965218
0.797361
1.984158
0.396940
1.416890
0.178158
1.985780
0.020995
0.049392
0.036136
1.082045
6.513822
0.331078
3.390427
0.851097
5.908220
3.968787
0.225587
1.081316
1.924425
1.203305
0.643602
2.872873
6.675204
1.376519
0.211716
6.485368
3.758765
3.049691
3.180000
3.209865
1.048539
0.266764
1.118253
1.773600
2.001846
1.441112
0.490583
2.059494
1.544000
0.536881
0.125347
1.383915
0.982022
4.194232
3.741520
0.818547
2.692041
6.100728
2.800807
0.885335
1.037558
0.058157
0.255453
0.921631
1.493983
0.497830
0.801469
0.935295
0.005405
0.269914
0.378989
1.057678
0.578341
1.837160
13.351896
4.301027
0.243054
0.487363
1.495115
2.113089
1.201836
1.769721
0.329159
3.661222
1.248804
12.187711
0.386082
0.456675
6.007594
5.291681
1.650268
0.877489
6.326608
2.289708
2.577505
1.323004
4.647272
0.112205
3.896127
4.703174
0.398864
0.061069
0.758114
1.130985
1.993849
0.754433
0.758119
2.736284
1.512153
3.689986
1.014217
8.055651
1.121439
1.594863
3.450498
4.481477
1.584869
11.922346
0.205759
1.376957
5.220326
2.155197
3.832129
4.311637
0.835027
1.721714
0.918099
0.557843
1.998030
0.511246
0.320767
3.348615
0.590458
1.246034
0.560703
4.354134
3.009331
1.641856
1.999600
0.737505
1.028163
0.060532
0.686645
3.557516
1.731803
0.238608
2.580313
0.270692
0.232809
3.457983
1.957645
0.074080
1.316042
1.296584
5.065357
3.468215
0.111580
0.681238
0.138363
2.316854
1.444065
0.484209
1.380632
2.938266
2.270771
2.717856
2.137145
1.219857
0.722057
0.680896
2.896457
2.441501
0.766510
0.114420
1.536360
4.559470
0.368005
0.604687
0.049149
0.651325
0.174283
2.091216
0.754670
1.667474
0.268397
0.535413
0.985380
0.396526
1.482733
1.217106
4.017834
0.077011
2.222715
0.906524
3.296865
0.860305
0.227485
1.247803
3.281859
1.057142
2.794296
1.693594
0.245566
0.147421
1.971380
2.109313
6.931365
3.168364
4.874608
9.930403
0.151249
11.071342
2.051907
0.979267
1.649401
2.914542
1.945810
6.017765
5.873983
0.314604
1.043489
3.351595
0.405035
0.161127
0.390302
9.415849
1.113718
0.670391
1.214404
0.531043
2.377217
0.465947
3.263448
3.330955
0.653914
1.128545
1.241979
0.569063
0.512653
0.940620
0.550603
0.710341
0.928036
4.277575
2.317331
5.402594
2.095828
0.736662
4.300326
1.814199
1.209049
0.685123
1.052378
2.026670
0.916006
1.765892
1.977562
3.164114
4.099596
0.173507
0.056063
1.672162
0.687581
3.568179
0.948004
1.687046
0.611085
3.666181
3.401367
1.344286
0.484839
0.119709
3.105483
1.766297
5.636872
1.286537
1.465450
1.781404
3.051482
1.031466
0.411440
0.538914
2.361736
1.808163
4.130285
0.124692
0.400621
1.390980
3.860533
0.108411
1.755424
4.283190
1.931786
4.161917
2.507606
11.521169
1.177565
7.620645
3.627178
0.608812
1.259391
0.107234
0.772905
0.590297
2.036237
0.604475
2.618721
0.344256
3.800517
1.437125
1.646812
0.074176
2.762642
0.586204
1.996603
1.945475
0.755202
3.353495
0.262778
0.371182
4.016573
2.457830
0.106631
1.327714
1.747324
2.909163
1.315518
0.055929
2.727977
0.768155
0.685024
0.475516
0.927650
1.886052
1.259165
0.019803
4.101944
0.439282
0.367800
2.559263
2.473960
2.611621
2.839859
1.226802
8.160995
0.987820
0.167736
0.706496
0.453257
0.455233
1.258406
0.142057
4.837356
1.463372
1.613542
1.360622
0.672078
0.072690
1.472600
0.060435
0.875812
3.333425
0.552488
2.587358
1.095275
2.465829
2.660529
0.693663
4.723631
4.677955
0.030097
1.911579
2.002722
2.967416
0.153731
1.912777
0.355789
0.335495
4.891038
0.910631
0.886344
0.957047
1.139443
0.626585
4.589337
8.849034
2.875213
0.408177
0.047996
0.667095
0.482553
0.950678
0.199099
1.216685
0.219777
1.453162
0.358985
3.660899
3.316377
0.145264
2.719167
3.479688
2.313851
0.942739
1.820901
2.850353
9.553119
2.859458
4.906042
4.705525
0.270216
0.634826
0.671495
1.645125
1.557123
0.407666
1.591315
0.723199
0.920935
1.699264
1.768909
1.751195
6.021837
2.290249
0.079842
0.112759
0.441932
0.454908
4.497671
0.015606
0.639028
2.030622
3.570260
6.390624
0.027313
1.123823
2.535816
0.010304
0.422697
2.002320
4.816615
0.762189
4.697614
0.434395
4.200629
1.179201
0.954880
1.111289
2.763726
2.761754
13.329988
0.818796
0.807021
5.970725
0.035851
0.927769
0.008615
0.486749
1.709473
4.580843
0.506676
3.769099
1.537840
0.115299
3.291673
1.597238
1.330680
1.491953
1.620210
2.256552
0.344606
1.251804
10.010075
0.129702
2.160270
4.093995
1.419545
0.081812
0.705296
0.594479
3.109169
0.701672
1.798297
0.257377
0.563081
1.887581
1.354217
0.574505
3.507449
0.137673
0.321404
0.103991
4.921362
2.309988
0.225634
2.558629
0.535734
1.795857
0.568711
3.123004
0.626674
1.041001
0.589818
0.608416
1.264368
4.950333
0.285826
7.528416
6.244036
1.125452
0.533010
2.730277
2.591057
3.509296
4.010995
7.124597
1.152086
0.884225
0.500270
0.615100
1.102751
0.923304
0.757901
0.826389
0.112504
1.096732
0.124258
0.684106
0.029606
0.735586
0.166478
0.667286
2.500148
0.816748
1.579241
0.401997
0.578355
2.273585
0.346091
0.463997
0.231943
0.997953
6.060947
3.612687
0.496615
3.397783
3.293997
2.144498
0.383378
0.058193
5.115366
1.823998
1.016443
0.543451
5.521196
1.207105
2.157874
11.607967
2.715990
2.246244
0.726892
3.459746
6.360641
0.036817
0.343862
1.404015
0.447104
1.052161
0.405614
0.890161
1.914934
0.693629
2.789262
1.677934
0.275790
7.147937
0.972126
5.503465
1.986979
1.639207
6.696828
1.606967
0.343175
0.902899
3.122918
0.198358
3.390318
1.196450
0.191709
1.638573
0.266950
1.008785
0.962362
0.174121
1.070127
1.552666
1.772440
1.907439
5.951598
2.951153
7.293323
1.665413
0.133170
2.589236
0.285369
0.429425
2.394346
1.459331
0.277167
0.794014
0.160953
0.198027
4.238936
0.535750
1.223374
2.217778
0.799212
0.640396
0.256322
1.092283
3.582506
0.562708
3.395962
0.484643
0.796832
0.526149
2.813859
4.963571
3.741735
2.435462
2.327962
3.428841
0.627309
2.790073
1.579005
1.029002
5.815541
0.559117
5.054731
0.155517
1.695178
11.946501
0.370447
1.200982
0.529105
1.970460
0.259153
1.650463
4.618041
0.553671
8.112471
2.647694
1.335191
3.215211
5.955249
3.382129
0.062875
2.436091
2.634156
4.190466
1.049482
1.088910
2.387321
2.263429
0.377528
0.556308
0.166157
0.249814
1.333799
17.637424
0.426963
0.120043
11.833537
0.896687
1.425532
0.522098
8.839256
1.995252
3.136813
4.389305
4.128193
2.977177
1.948333
0.892970
1.706360
1.695300
0.386693
1.857185
0.645297
4.769469
1.314977
2.304426
0.794187
0.393829
0.897528
1.385283
1.094838
1.164301
1.920318
4.777626
1.163772
3.315169
6.793451
1.154154
0.374385
1.293409
2.206562
0.345560
0.227407
1.231788
0.096868
7.879233
0.533541
2.215950
0.833065
3.301493
0.552436
1.453303
1.065406
1.455992
1.104550
4.504410
0.449258
2.789379
0.152838
1.654595
0.580269
1.366914
0.008167
4.065196
1.032993
1.178409
2.268933
0.923786
4.303067
3.782571
3.743439
1.605538
0.015660
6.141703
0.023651
0.113309
5.441139
0.564480
2.580896
0.642709
0.111027
6.774885
3.133796
1.258410
1.320699
0.485850
0.898262
2.307299
6.869078
1.143239
0.568143
0.495889
5.333464
0.579001
0.185551
0.812673
2.385368
2.913507
2.433603
1.736376
1.914906
1.596861
0.283593
1.955961
1.400680
0.310872
2.272689
1.151604
0.988151
1.034567
2.493622
1.173492
0.924284
1.401909
4.834880
3.840046
2.542778
0.636744
1.544005
2.325137
2.462397
3.076100
4.748479
2.035422
0.074496
10.814879
7.186599
2.642191
2.875389
2.255979
0.752140
0.951741
0.513095
1.179910
0.005179
2.617668
1.781275
2.288868
0.366912
7.771853
0.178664
4.243721
1.100995
1.215868
0.969276
0.813494
0.739004
0.218822
1.867156
3.752477
3.130421
0.756419
1.999536
2.393801
6.136251
2.208847
2.364343
5.206955
1.027511
1.217292
1.844119
2.511943
3.598405
3.527307
0.350729
3.629919
1.634918
2.776230
1.462743
2.589686
2.618118
1.853741
1.864082
0.332730
0.123187
9.277586
1.336716
0.919811
0.197363
0.198108
0.485396
4.324340
1.052620
3.761533
1.748358
0.901063
1.451857
0.646435
0.681308
4.999156
2.634257
4.432739
2.005230
1.672492
2.542922
3.159081
1.034429
0.651533
1.572214
5.116833
0.008187
0.641267
1.496400
1.884941
1.115743
1.766279
1.835918
4.930781
6.209932
2.372498
0.018748
0.374263
1.732909
1.084458
0.036720
0.354324
3.039744
1.528502
1.154428
0.145045
1.203682
0.374192
6.485878
0.178272
2.673499
2.282180
4.227391
0.304259
6.366804
1.101886
0.131630
6.574357
2.394027
1.785530
1.701835
0.268157
0.389587
0.381458
0.082692
0.283517
4.054140
0.102236
0.721466
1.187833
1.263663
0.774348
1.884220
0.574412
3.866799
0.099925
0.770143
0.735016
0.495311
0.658534
0.997864
6.277954
6.492415
0.634992
0.205829
5.042328
2.378986
0.352262
4.278807
1.000198
2.788410
1.214863
1.463810
5.289169
1.982543
1.639741
0.126166
1.375024
1.879860
0.905017
5.801353
0.161829
2.310342
1.620304
0.793121
1.554540
1.852402
2.082396
3.766209
3.466781
5.248819
0.550727
3.028152
4.389183
1.437892
4.203940
3.302916
0.467294
0.080137
2.345626
1.842045
3.133199
0.315078
0.257705
2.547442
2.980219
2.281419
3.040528
0.634432
0.684284
0.314045
0.488838
0.916087
3.547582
2.957259
2.373907
0.926143
0.943193
0.836551
0.493170
0.444564
0.627604
1.229556
7.755153
0.343790
7.149208
3.890992
6.772361
0.397713
4.533665
2.138110
3.048545
2.326982
3.243262
4.668504
1.047881
1.721125
1.751857
0.419378
3.779660
4.131511
0.814369
0.136008
0.550869
0.360144
3.637767
5.485538
1.533340
0.481058
0.649874
2.804665
1.065796
1.582683
0.479605
0.996469
2.439500
0.409601
0.573981
2.222534
0.909907
0.315277
0.793582
0.319735
3.584890
0.278408
0.104398
0.552206
2.455337
2.012349
1.125742
1.623536
1.417182
2.895550
1.943981
2.759990
5.309889
1.230388
2.304206
1.251499
2.237132
6.511888
0.494660
0.180616
1.419445
1.132444
1.303043
0.478839
1.922180
2.605592
4.304432
8.154593
4.144065
0.474736
0.280341
2.458704
0.834818
0.400931
5.943374
0.098955
3.386022
0.953531
1.853698
0.782231
0.311248
0.512036
0.149702
0.153365
2.312499
2.822375
1.548523
0.888166
2.528877
2.838240
1.177352
0.511905
0.422448
5.145803
1.155130
3.299805
2.110619
0.778722
3.130633
1.493036
1.526322
5.096155
0.531851
4.159812
0.218331
0.402488
5.136532
5.037838
1.648786
1.499574
0.557184
2.445753
2.800014
0.757459
3.023117
1.155145
0.148189
0.766595
3.192338
3.111964
0.159089
0.554848
0.029901
0.620865
0.362931
1.208720
0.155494
3.406051
2.992990
4.016546
0.842744
0.741826
3.098076
1.722460
0.409021
4.432190
2.851277
0.229219
3.325882
0.774692
2.020206
0.110118
0.054253
0.986048
0.920391
3.281814
3.520103
1.160551
0.266116
1.963219
0.520844
0.448911
4.043241
0.559727
1.261920
0.068173
2.392598
1.564922
3.812733
1.284054
1.050189
0.434409
3.061912
0.436432
2.962026
6.923503
0.182070
1.519591
0.160059
4.554491
3.839849
2.494661
6.032044
4.242924
0.215065
0.770867
2.318888
5.316139
2.855065
3.331227
1.620302
9.088821
0.024093
1.099023
0.531806
1.307443
1.218644
5.352390
0.045748
0.735360
1.038222
1.128153
1.397912
0.418043
1.973229
0.644516
0.342163
2.504768
3.297675
0.533559
1.891496
2.164152
5.870684
1.653884
1.558510
0.100146
4.281944
0.516484
7.703430
2.057572
0.078557
1.526993
1.998980
0.103622
6.280787
4.011185
1.511684
1.065512
3.185112
1.610390
2.550767
0.450155
8.284656
0.506103
0.989143
1.889778
1.382542
1.585560
0.787433
0.732838
3.042608
5.531332
6.877571
2.607296
1.385019
1.423228
3.003866
0.962989
2.669231
2.821645
0.050020
2.985603
0.685046
2.137911
3.494522
0.566736
1.476508
0.880531
2.156281
0.767351
4.796734
0.957519
1.468743
4.474493
1.852786
4.823927
1.404478
0.217581
1.224152
3.543679
1.054823
0.547161
2.913827
0.948877
6.872182
0.620474
4.359220
2.733850
2.093184
1.954498
1.390971
2.239065
1.018031
3.132672
0.801554
0.508913
0.077375
3.824508
1.738799
2.392809
0.374830
1.346417
0.162788
2.349433
0.966351
2.292604
1.839866
4.373229
3.076764
0.122114
2.529454
0.434176
0.709295
1.326127
1.701505
0.619553
2.784274
1.231709
0.023132
1.022732
0.174334
1.437616
0.153528
1.317062
0.724404
1.035339
2.455514
0.836514
0.592357
0.678927
0.080661
1.114597
3.008160
0.250440
0.251896
0.350986
3.217752
2.544457
0.099769
1.759721
3.019400
2.907812
3.030987
0.161559
0.578229
0.871458
0.843165
0.005067
3.353592
0.878535
1.031188
4.536443
4.052314
1.295376
0.952503
0.377526
4.254546
0.179726
1.442370
0.295107
0.936144
1.611970
1.662196
0.328735
2.223696
2.296247
0.749465
1.273296
1.030210
0.896288
0.115463
0.400773
0.272858
3.620621
0.600019
0.951577
0.420464
1.848549
0.959737
0.005270
6.372450
3.064857
4.587953
3.506977
0.604199
0.651538
13.533273
0.305309
0.905025
1.437639
0.653559
2.677019
0.136611
3.705395
4.402472
2.671768
1.492905
0.450944
0.466417
5.276587
1.655863
0.613344
0.233298
2.346108
0.211843
0.921823
0.143388
0.685286
7.185122
1.196837
0.692713
5.351495
0.533954
0.426078
2.837436
1.366571
1.269392
2.827942
2.024603
3.590034
0.628044
4.939059
1.695578
0.817506
2.842283
1.235978
0.150732
0.669594
2.174356
0.658697
0.479139
0.512060
1.573666
0.780570
4.964873
2.072517
2.358088
8.487330
5.476874
2.186651
1.145278
0.517719
1.812900
2.218988
1.089260
0.873974
0.361411
4.411772
0.234966
3.238343
2.572699
0.957174
2.526827
0.700141
2.516600
1.292048
2.823916
3.106678
2.857493
1.086586
0.143136
7.255522
2.071550
1.902711
0.703547
1.648834
0.599518
9.017504
1.584409
0.432167
2.121983
8.163191
1.097749
0.575182
2.119132
3.694680
1.852439
3.415344
2.634964
2.509104
1.938592
1.217294
0.199946
0.824866
2.782815
3.332029
3.362264
1.416966
1.829887
1.707702
5.228490
2.208423
1.586608
1.696450
0.663437
3.718526
0.286206
1.558779
3.581924
2.281931
2.660932
1.335301
2.178963
0.344060
2.671351
0.762529
0.000781
0.833977
0.291707
2.637880
0.114767
2.824173
0.417730
0.327171
0.198157
5.619173
6.535457
4.775525
1.186167
1.648188
1.317078
0.937309
0.522458
0.061011
5.836882
1.435726
4.147042
0.165280
0.110012
2.458295
2.852624
3.113371
0.432698
1.101269
5.882965
5.363759
2.697373
5.897807
0.636385
4.177120
2.280021
0.795902
2.002065
4.060225
1.304821
2.595310
3.305207
1.163634
2.015680
0.590968
0.004978
0.249735
1.988425
0.528925
0.319003
1.715889
2.729755
0.043856
2.130072
3.200049
2.612360
1.072600
1.769946
5.145989
3.646594
1.529232
3.865617
1.729896
1.315908
0.273464
1.214163
0.354129
1.217984
0.183269
0.062886
5.476364
3.368212
3.657716
0.944590
1.193432
0.200153
0.952579
1.672971
2.583548
1.889884
2.504932
0.716737
0.879759
2.662779
6.268567
0.334458
1.251117
0.929031
2.703933
0.984435
0.471617
0.645255
0.559400
3.111743
2.836367
0.929747
0.559575
5.054482
3.519203
0.805788
6.034917
2.881068
0.315664
3.125850
0.300783
1.809663
4.338026
1.461886
0.353855
1.887975
0.278164
4.180766
4.863366
1.330011
1.894790
4.058719
2.041767
0.160875
0.549245
0.959276
1.254787
1.196434
2.138586
2.475802
0.546779
1.070904
0.170665
1.320428
0.815083
4.808785
3.373463
0.673159
2.234847
6.482403
0.158668
3.348032
1.625092
6.539191
0.804100
2.534765
1.701497
1.235694
1.806713
1.327240
5.860834
0.463972
0.872663
1.765464
0.669074
1.801511
6.843292
2.775380
0.089883
1.956812
1.233693
0.665778
0.078908
1.562425
2.908370
0.934900
1.202336
1.741133
2.152876
0.266394
1.562510
2.659535
5.536075
0.207262
2.390948
0.624681
3.395166
0.630365
2.612482
1.060924
2.815939
2.252722
1.928389
0.230725
0.607996
4.666921
2.425990
0.521377
2.119105
2.745895
3.842407
0.241502
0.060487
4.455977
2.133615
3.181236
0.617558
0.227959
0.947979
5.176528
0.529055
5.042853
2.159449
0.371807
0.036526
0.885556
1.152201
3.603273
1.978232
0.365630
0.566420
0.967249
3.701323
4.010128
1.356172
0.221873
2.925389
0.434091
0.814384
1.095594
5.685944
0.416641
1.533687
7.118417
0.167433
0.424946
2.919787
0.849189
0.710899
0.313834
0.631655
1.516750
0.134161
5.350945
2.416090
0.173246
0.681817
0.299631
5.000823
4.977124
0.731174
0.359659
0.714567
0.322869
0.060785
3.148512
0.586280
3.202187
8.836575
1.776213
0.497184
5.309764
2.997754
2.818101
4.629954
3.888804
5.876532
2.211096
0.453531
0.565214
3.366122
1.283795
3.007968
4.225185
1.037826
1.303919
6.543145
2.366438
1.925241
4.240561
1.886705
5.162486
0.091228
4.840611
0.152462
0.154896
2.434413
0.793447
4.124757
2.354591
4.954973
0.195117
1.943512
2.359634
3.775334
1.479696
1.595205
3.175527
0.425852
2.792566
0.085402
0.011995
0.512863
3.424701
4.326614
1.994051
0.709168
3.756060
0.785296
4.969275
2.597380
5.479485
3.677253
2.954191
3.748352
4.915256
3.744528
1.599072
0.553727
2.539326
0.555072
0.343685
3.342885
3.989224
3.801631
2.161150
0.977956
1.022137
1.218412
1.728019
0.331236
1.378387
1.756597
0.952276
0.764215
1.268121
0.019791
1.914815
0.761570
0.814675
1.521813
0.089548
0.629403
0.935921
3.380066
0.247755
0.679590
2.167712
2.199072
1.509731
0.958606
4.800970
2.328314
0.428391
2.967899
1.545973
3.840219
0.348723
5.577866
0.741045
2.682930
0.191136
3.296834
0.780311
1.269627
0.267575
3.146356
1.307132
2.704460
0.231474
3.368245
0.640671
0.332290
0.176321
2.087205
6.919556
0.448533
5.494628
1.989990
4.047975
1.254068
0.022243
3.002948
0.333622
0.455984
1.599052
2.355363
0.117969
2.478956
1.991324
0.914269
1.192050
2.557858
0.383655
2.957266
0.425472
0.712706
1.663283
2.226090
0.083962
2.241447
1.330426
0.757276
3.509308
1.688973
6.594912
3.175315
2.949116
4.583747
1.109802
2.037713
0.907471
1.148706
1.076362
1.461241
2.047753
6.801335
0.472452
2.395177
2.260910
3.676685
0.134382
0.269616
1.653741
0.547648
4.568843
2.806592
1.550055
1.242892
1.109059
1.737006
0.294193
4.849361
4.519576
6.638615
1.314463
3.913037
2.849391
0.582940
2.834113
0.409844
4.448070
0.260953
1.946887
0.736394
2.047266
0.610390
0.642252
3.809102
6.493466
6.064038
2.355504
0.052857
0.162199
0.587705
0.617448
7.464825
0.017735
3.268748
1.155705
1.140040
0.973392
1.714568
0.849233
0.659715
1.550925
3.516979
0.300772
0.710288
0.167918
4.549891
1.324138
7.176915
0.039427
0.225077
0.658059
2.158990
0.922349
1.619570
1.432191
0.802616
1.413796
0.454738
0.882097
1.757634
1.224930
1.947073
1.645560
1.257773
1.114370
16.152092
4.631354
3.348240
1.713103
0.568124
0.196330
0.244076
0.155869
0.530862
1.068233
0.338035
0.279265
4.566152
0.273622
0.324667
0.008954
1.049319
3.322256
0.936567
6.609391
0.775503
2.438039
1.270201
1.488005
0.126133
0.112810
8.123227
2.300068
1.912326
1.194197
0.234314
1.910709
0.864320
5.130018
0.423172
1.823474
0.033442
0.729374
2.236505
0.574583
2.541643
3.528158
0.956166
1.921682
6.270928
1.509499
1.945171
0.907516
0.830870
10.954796
0.795152
2.165670
2.409947
3.200670
0.411978
2.866092
3.834851
0.370099
1.176828
1.264670
1.927448
1.620924
0.175422
6.975123
1.301819
0.642271
1.676804
1.366438
1.736243
0.550845
2.730773
0.712378
0.143860
0.266485
4.979966
0.052533
2.126213
1.548647
0.990850
10.430124
1.530594
2.536963
2.133831
0.536031
1.455116
3.691457
11.323218
0.923842
0.022175
1.164342
3.647465
1.986110
11.405529
5.116308
1.827496
1.289065
0.439367
0.364437
7.020008
3.005549
1.046232
2.509278
0.160572
1.295328
3.659776
10.312389
1.396954
1.363177
1.523798
4.476332
1.341805
0.140899
1.893952
0.312571
0.722310
0.276227
8.651254
0.712357
1.382011
12.239673
2.701609
0.823487
1.974274
2.676010
0.602368
0.513244
0.478352
1.222344
0.998190
0.403808
0.535167
3.221372
4.558676
0.747704
0.648645
2.672849
0.731022
3.024991
0.526379
3.657410
2.235509
2.547052
4.759010
0.671153
4.002620
0.472794
1.069125
3.815912
1.427456
4.883750
3.786492
0.578442
0.576720
1.295491
8.980968
1.429014
2.428823
0.450062
6.874821
0.201931
0.970105
0.452862
4.532218
0.662525
1.445346
0.380549
0.038773
3.437445
6.111324
0.576974
2.158111
1.966438
7.064459
1.676286
4.837550
3.610933
3.010335
0.786215
2.324503
0.679931
0.543739
1.538487
1.550270
1.341029
0.027006
1.502159
14.073882
2.521283
2.616086
6.820882
3.348631
0.242046
0.371693
2.467824
1.008262
2.304952
4.276115
1.072867
1.405794
3.603921
2.191870
0.360491
1.235783
2.024136
2.636687
0.930078
1.277832
1.428504
2.387604
0.347170
3.205389
5.466105
2.381396
0.824995
1.101678
2.471639
4.022046
1.098632
1.110013
1.811690
0.987375
0.544917
2.474276
1.638454
5.887930
0.223554
0.557772
3.537569
1.471800
2.758440
2.184175
0.413307
4.887374
0.267988
3.465837
2.074555
1.375499
0.700159
0.339261
0.431907
1.212920
6.187589
0.276701
0.326717
0.692532
1.609234
3.933895
0.345908
7.409696
0.673880
2.809924
0.908338
1.486958
1.248773
5.160697
1.276888
1.688714
0.366948
0.717201
0.191023
4.950346
6.752882
0.650881
3.532318
0.191339
0.212996
1.287165
1.776037
1.009657
1.991842
3.053476
3.809137
1.760338
4.860008
0.003656
4.206859
1.249872
3.960181
0.074961
1.159995
0.320317
3.134772
3.270793
2.232745
0.590945
2.614060
0.311954
3.497246
4.546124
1.180342
4.979724
3.351746
1.060692
0.433502
2.053701
1.397665
0.701649
0.247638
0.191622
2.357153
2.749340
4.144870
1.567881
0.808025
3.084349
1.575897
0.472273
0.577469
1.045683
0.567682
2.348111
1.620072
0.078571
1.370414
0.516745
0.697255
0.510795
0.930792
0.256419
0.261118
3.406192
0.076254
5.474457
0.521379
0.528657
1.721320
2.635884
1.502279
2.365579
3.470894
0.498090
1.161975
2.393330
2.886591
2.965773
1.322849
0.739448
8.190150
2.653586
2.519263
0.523923
1.108728
0.633259
0.626637
5.091262
1.382664
1.657143
0.317916
4.099070
2.301863
0.627677
2.336480
2.553571
0.457854
5.015930
6.130007
3.044051
2.104683
1.313699
1.289887
1.287035
2.421141
4.952978
0.378351
1.254062
2.335801
2.135642
2.982416
2.231473
0.991600
1.351168
4.661668
3.390850
2.875512
0.376925
2.679243
0.606625
2.656774
4.326048
0.285056
1.085162
0.335385
3.451081
0.301230
0.889450
2.697916
0.195595
0.303345
0.993090
1.709852
1.914424
4.018775
0.647747
1.518576
0.078081
2.713337
0.499440
2.371817
1.457060
4.475605
0.178642
0.017119
3.180180
4.644080
2.948617
6.875385
2.043202
0.066482
2.427757
1.488902
0.361920
0.259559
2.275067
8.756802
0.606356
0.078294
2.603495
0.876079
0.394759
0.254108
5.301029
3.171044
8.432111
0.461453
0.792494
0.047625
5.933358
1.588769
2.532142
1.254375
1.164815
3.254295
1.286548
0.542413
2.444528
0.563384
0.459838
0.847521
0.651983
4.779756
4.086980
1.172967
0.061063
1.596195
1.128364
0.689499
1.774465
0.346610
2.078623
2.916244
0.652660
1.714568
1.653295
0.612170
3.044048
4.408123
0.677130
2.620566
1.151748
0.010569
0.436721
4.227815
3.308673
2.220939
0.248352
1.443993
4.956018
0.777740
3.927059
0.432034
0.524125
2.619127
2.032215
0.603851
0.656668
0.143365
1.606857
4.051178
0.518299
0.442568
2.017970
1.413377
2.976192
0.441038
2.942843
1.623538
0.183229
0.118669
0.674261
1.490271
0.129886
1.316908
1.036926
4.106148
0.331979
1.473532
0.975126
0.143067
3.709634
0.563444
0.611185
0.153882
7.424611
4.631585
0.814920
0.589968
7.045752
4.358455
0.263729
0.443234
0.178497
2.845515
2.444973
3.926231
6.286098
1.292161
1.074024
0.090816
1.525049
2.419260
1.686650
1.814622
0.406784
7.321552
1.262420
0.821919
1.368883
3.847351
1.041823
0.828446
0.209494
2.213295
1.066149
0.155980
1.690949
2.755573
0.802397
1.557985
2.014265
1.210358
2.693453
2.546767
0.478990
1.179062
1.733557
0.372235
5.084651
10.680208
0.482147
1.213314
2.387365
3.064386
0.105160
4.256230
2.839505
1.464914
0.491609
0.585669
0.934270
1.956044
1.797888
1.279789
0.694242
0.012444
1.586723
3.989119
2.805390
4.210112
1.038584
0.984668
0.807486
0.313233
0.230639
1.575616
1.785055
2.333453
2.510414
1.433641
2.302888
5.295772
6.794049
0.958386
2.497508
0.035816
0.606690
1.274911
1.540153
1.306239
2.583557
4.820940
0.218572
0.766094
0.965380
1.011033
0.784373
5.334504
0.604191
0.163480
3.308016
2.191977
1.259557
0.303746
3.329468
1.717030
2.317120
1.025455
0.615292
1.025138
4.879965
5.937965
0.801685
4.229970
0.799050
0.088703
4.548261
1.788164
1.446167
1.138803
0.146427
0.548781
0.844296
0.382620
1.633723
2.598339
1.692269
4.284435
2.144714
3.563565
6.493230
1.256657
1.376133
1.118578
1.870030
0.736952
0.009208
0.694813
2.471286
0.627828
2.371789
1.946726
0.491961
0.050167
1.392523
1.585599
0.141175
1.017218
0.298023
1.748860
3.577182
0.469012
3.461687
0.390005
0.966297
0.959458
4.695357
6.162212
0.612113
1.652023
3.081258
0.509137
0.058292
0.665936
2.117632
2.022002
1.790130
2.144295
5.307905
0.715555
5.238575
1.957155
5.126887
0.313794
2.093518
1.105087
2.359416
2.525183
3.465292
3.556572
0.713294
2.134161
0.081875
0.262144
3.581391
1.100772
1.401934
2.675504
0.947588
2.918155
0.712702
0.356145
9.732692
0.796478
1.182355
2.073712
6.684568
0.076950
0.722398
4.493759
0.826537
0.523521
1.461391
0.606204
0.941648
0.366289
2.316674
0.141154
4.315799
1.423340
4.589565
0.407694
0.361041
5.604535
0.734197
12.778471
0.900718
3.333636
2.662745
2.693878
1.728832
0.072620
4.667802
1.692601
0.905607
0.859745
0.487798
0.797379
0.979277
1.466242
0.504816
2.586829
2.771770
2.705707
8.707851
0.268000
4.790512
2.236421
0.430237
3.152810
0.402548
0.194720
7.605968
0.853816
0.065250
0.670818
0.848675
1.004059
0.202089
0.170424
0.289275
2.246690
0.249632
0.076956
0.564224
1.313623
0.979287
1.240700
3.324612
2.977162
8.016708
0.067882
1.386194
2.631555
2.982152
1.335421
3.891841
2.302257
0.349312
0.104058
1.296361
0.838822
0.309731
1.212836
2.342640
0.386121
2.691485
0.072995
1.689183
3.612866
0.250042
2.441093
1.429031
0.535399
2.714856
2.824305
2.520102
0.278141
0.493402
1.495880
4.689749
0.447443
1.642101
1.035417
5.382285
0.815637
4.437114
3.115029
0.037593
0.105722
3.665657
1.368868
1.001930
8.209874
6.004457
0.175689
0.346510
2.342221
0.255521
2.613814
1.491993
0.542194
1.139295
0.073970
1.278530
0.389485
3.147091
0.418186
0.732836
0.022762
2.512918
0.473794
0.475954
0.644189
1.909248
0.310913
1.884607
1.411562
5.415596
1.982523
1.631830
2.968750
0.265957
6.065616
2.828277
0.155577
0.073155
4.952496
2.894786
0.338857
2.072887
0.686547
0.999476
0.165810
0.791620
4.014321
0.592813
0.254659
0.111682
1.657025
0.280533
2.936314
2.976470
0.839084
0.092132
0.986208
1.333508
2.130114
4.518086
1.089262
0.668663
1.207765
0.429608
1.050863
1.038841
5.998089
1.321514
1.163396
4.021433
0.570988
1.817163
1.432395
1.548338
9.253737
1.787858
4.016530
3.873732
3.760780
8.444614
4.819353
1.057881
0.247068
2.277657
0.409135
1.228157
2.580710
1.707912
5.818692
0.956455
1.269086
0.909625
2.183088
5.131469
1.636212
0.151608
0.795804
1.422209
1.626303
2.933481
0.940026
3.268474
0.912133
4.350131
0.842616
0.881489
1.297702
0.470409
0.477245
0.785562
0.433642
0.261228
2.660541
0.745418
3.241498
5.066376
2.939310
1.497643
1.365867
2.513930
4.754513
6.687140
0.168757
1.694917
4.375419
2.041359
2.068457
0.486945
0.321626
0.448892
8.456575
1.482804
0.011915
0.866652
1.055109
0.860803
2.462644
4.366190
1.638975
5.061016
0.476847
2.807030
0.087538
5.902488
0.135279
3.729620
4.054758
3.608449
0.930910
0.902558
1.600938
0.655192
0.794626
1.998250
3.805517
0.485935
0.633394
1.367752
1.130570
1.089445
2.383982
1.079906
5.748865
2.423498
2.929595
0.872382
0.106961
1.296228
0.551016
1.890503
1.012838
1.206411
0.910424
1.160262
1.023886
1.128064
0.671643
0.626656
0.619821
2.142385
2.000306
3.400576
5.521198
6.440405
1.192649
3.098469
0.386577
2.550337
0.665170
1.870731
0.303073
7.756806
0.050188
0.175839
2.289145
3.156431
1.151336
2.646382
0.631137
2.269419
0.846649
2.205097
0.281812
2.481415
0.228917
1.518998
0.306092
0.999773
3.229795
1.049839
0.104273
1.135729
0.511763
8.771575
0.999503
2.247453
2.984523
1.683640
1.006873
0.119646
0.388704
1.536446
0.076203
0.449825
1.936899
2.538978
10.625284
0.119499
1.205665
0.617667
2.667284
3.197732
5.426321
4.048594
1.421380
0.085448
1.021693
2.103103
1.142655
0.449043
0.121628
1.331164
2.012251
0.670297
1.283284
0.056152
6.422904
0.571924
1.816448
0.877792
0.732809
2.969070
4.440453
0.843684
7.362323
1.433832
0.130544
7.004961
1.686749
1.451042
0.537261
0.731224
0.753179
0.370847
0.382664
3.457537
0.474160
1.707355
1.281496
2.078594
2.985582
1.519017
0.283870
1.053986
3.395137
1.862276
1.150046
2.997347
3.856589
0.069325
0.282726
0.351999
3.294910
0.047031
1.408595
3.048972
1.531373
1.682048
2.789819
0.221258
0.176918
8.799384
1.058514
1.016529
0.341497
1.759431
0.499382
0.917853
0.346929
2.368735
0.028878
5.451668
0.512791
0.317189
0.843588
0.087978
2.793114
3.041381
3.425261
1.868688
3.380293
6.049706
2.926681
1.950852
7.352021
0.640637
1.039179
1.425319
3.700648
0.342478
1.905862
5.247591
0.313538
0.051350
0.788856
0.719259
1.885512
1.583254
2.217952
2.936746
0.551384
2.306804
2.436201
1.258908
3.556851
0.099094
1.427324
1.752452
3.541309
0.800246
0.423431
2.072887
0.660337
6.405193
0.624644
0.591089
0.531648
2.238587
2.900898
0.158605
3.554168
0.955832
0.007439
7.456748
1.039309
0.799901
0.651552
0.031692
4.183672
5.918290
3.078158
0.249977
2.002474
1.345238
1.757076
1.246017
1.544248
0.199117
0.096953
0.916934
1.105121
0.543947
0.026239
2.446467
0.439969
0.660590
6.519216
1.127379
6.192331
2.597532
1.415036
3.080263
0.226466
1.430158
2.867738
1.436239
3.671340
0.080912
1.501776
2.524851
8.810217
0.752223
3.597885
1.937067
3.250159
1.086479
0.175548
0.834286
1.442680
0.281635
2.467636
5.575006
0.922413
2.559226
2.066482
1.673787
0.006296
1.861514
12.276276
6.336409
0.809560
1.406295
2.721784
1.159401
0.031897
1.407135
6.084199
3.880266
1.574176
1.309077
1.703575
1.521212
3.157742
1.048074
0.332056
1.817122
3.509054
0.541019
5.560260
0.833792
0.918877
2.081389
0.655164
2.677595
0.919777
5.140513
0.727070
0.929759
1.506766
0.720869
0.800090
3.962529
3.296377
0.152203
0.719185
3.468005
1.727687
0.586876
2.277238
0.263165
2.653206
0.583614
2.133703
1.503312
2.163285
3.309785
0.267774
1.338755
0.093967
0.130743
3.530822
1.069754
2.476242
0.229070
0.329980
0.163977
0.064434
1.220863
1.197517
1.646204
2.850156
3.030225
1.099956
1.674554
3.841386
2.582526
0.990351
1.131112
7.763116
0.145733
1.620480
2.503556
0.781238
0.474380
0.555250
8.311269
0.040499
0.916879
1.278444
0.136435
1.127789
0.716726
1.308628
0.304165
1.053233
2.000972
0.496410
1.163582
0.186826
2.219185
0.004076
3.776893
1.197577
1.107026
1.075043
0.724862
0.325391
3.283318
2.663412
0.277447
4.184915
0.688426
3.709853
0.446234
1.395840
0.179750
0.407424
1.478075
1.209119
2.137718
1.775258
4.320368
6.329742
0.142070
0.052234
0.915140
2.413756
0.563609
3.303478
3.121803
4.951156
3.324830
2.036351
0.912703
0.536787
0.112193
2.219913
0.974033
3.945032
1.043100
1.447520
2.675085
2.392158
0.888236
5.544815
0.446295
1.176007
0.259742
2.563363
4.570470
3.013685
0.744446
3.055218
2.664914
0.954041
3.308084
0.218184
0.167286
0.111668
4.852580
4.084967
7.025778
2.559948
1.422786
0.820749
6.309387
1.658357
0.014099
0.839813
1.104983
1.066909
3.903381
0.353465
0.235423
0.488163
0.209576
0.745175
2.164344
0.500198
0.068107
1.639195
16.017534
0.844042
0.838125
2.662395
2.572175
0.327538
3.655080
3.258166
0.459746
2.779218
2.242848
0.386090
1.280285
0.404783
1.435507
1.124699
2.747286
1.464516
2.965813
0.375802
5.394304
1.993859
0.810827
0.089263
3.762043
1.134029
0.876082
1.421429
2.122979
0.982638
0.141055
2.121058
2.636979
1.056741
0.987172
1.218020
1.648777
0.519506
0.602215
2.912253
7.782988
5.441847
5.709069
1.204304
0.249791
1.212364
4.282623
3.993556
7.280056
2.131453
0.072355
4.736406
0.675178
0.920361
5.991517
0.287919
3.235080
0.726830
2.058831
1.216413
2.361054
2.481843
0.231723
1.107967
0.258663
1.382170
4.264926
2.296535
2.601891
0.305036
1.194499
2.457289
0.157313
0.995470
0.347942
0.428996
3.750255
0.086187
0.117975
3.434190
2.392675
0.194812
2.594840
8.297061
1.238466
2.258754
0.251783
0.611031
7.976457
2.863203
2.538306
2.243868
1.277152
3.524381
0.210043
1.799229
0.792910
7.942456
0.646170
0.113194
0.261599
2.587536
2.873796
0.441915
0.250806
5.102479
0.992868
6.677752
6.659246
1.190532
3.073640
2.168792
1.559139
1.433652
2.077518
0.006088
0.417657
2.891207
0.619299
0.372498
1.490862
8.429810
3.719440
11.924985
3.359269
5.764037
1.786614
0.303640
5.183953
4.031626
0.436020
0.097823
1.795686
6.350607
0.564682
2.478586
4.244425
2.028283
2.247455
3.721282
0.179566
1.231892
1.411740
1.973786
7.120664
0.330758
1.990160
0.348793
4.973591
4.538341
0.800864
1.167847
4.271235
0.382934
1.158640
2.377421
0.251652
0.061786
3.618749
0.088656
4.550108
0.065307
0.191028
1.345752
9.280460
0.822195
0.446717
4.089356
7.327523
4.160585
2.510569
0.124250
0.815866
0.500327
2.326310
0.732145
0.936024
0.764887
1.256906
0.686610
0.482639
3.184700
2.640057
0.202378
7.067605
0.378917
3.136823
0.186508
0.453835
1.977011
0.284044
0.211215
2.157581
0.505896
1.783114
2.101577
1.644553
3.122775
1.471759
1.531151
2.188812
0.538169
1.808567
0.000477
1.222205
0.664437
0.732832
3.555737
1.834968
2.968867
0.259261
3.373574
1.687579
3.854504
4.841040
1.556228
0.054835
2.426355
1.987244
0.522882
0.802796
2.872350
0.801794
9.336195
8.488884
5.058071
2.048575
1.580312
2.478643
0.353150
0.169286
0.942188
1.014283
2.256050
0.942952
3.862504
6.388253
2.295847
2.316951
1.639575
1.217885
3.296520
0.937965
0.052681
2.169822
0.672305
1.672767
2.336653
8.885201
0.437536
5.030865
0.767949
6.371677
0.573906
0.740565
5.776004
0.371978
6.007882
1.348803
4.242804
0.238182
1.695856
0.590938
1.426938
0.570109
1.997916
0.908550
0.463926
0.755044
0.104961
2.909139
2.943847
3.914348
0.303648
3.184308
1.471321
1.111460
0.902721
0.471253
1.070856
1.640737
0.276448
2.644254
1.461229
0.951398
0.087681
1.242396
1.589325
10.011907
6.125390
1.118642
0.223148
1.488616
2.305423
1.912316
2.965291
0.759471
7.897898
7.822868
1.990666
0.064741
2.744683
1.024707
4.425403
4.366903
0.439871
1.060038
0.752865
1.644999
1.942183
2.605935
0.256573
2.776007
1.238709
2.036567
0.276172
1.404785
0.214025
2.261709
1.377925
0.112556
0.223306
1.850049
1.733387
3.120022
0.494646
0.869658
0.223705
0.445879
0.808770
2.665306
0.527121
0.164808
0.295005
0.260865
6.789332
0.814640
1.525811
0.657405
4.512102
0.336887
0.016908
0.031517
4.717210
1.270234
2.125067
0.070061
7.356120
2.820406
2.487277
1.279711
3.328107
3.399956
0.158324
0.989548
1.868801
0.699743
2.716704
2.496563
1.366622
0.157067
1.192861
2.594712
0.335960
1.765545
3.781360
0.258117
5.074950
0.964870
1.025722
3.387496
1.543266
1.054041
3.565274
1.171064
4.236618
1.331947
1.298699
3.855066
0.554495
0.419669
0.792390
0.108413
0.013231
1.032462
1.170576
1.902657
2.397676
0.411517
0.791351
0.430136
0.606266
2.992226
5.057968
1.076148
0.899982
2.933196
1.540945
0.666197
0.329778
5.575024
0.209546
2.340785
0.855619
5.355350
0.285306
0.517100
1.080866
1.886090
0.171819
2.155487
3.217290
1.053394
2.492373
3.284286
3.349894
0.337915
1.090171
1.431348
0.835356
2.748594
2.439193
1.847260
1.480408
1.961183
0.038474
4.331736
1.002416
1.625029
0.369409
1.580259
1.365146
0.624281
0.538293
3.699826
0.444784
0.920627
0.146387
1.918933
7.772127
0.331877
0.647420
3.022041
1.652668
9.008970
1.762574
0.940107
0.311895
0.011952
4.346072
1.330370
2.796254
1.787197
0.185868
0.645718
0.486004
0.228130
0.351742
1.882867
2.181639
0.800728
0.339551
0.345718
1.822832
0.995538
0.002988
3.193478
2.862823
0.149602
1.070055
2.698018
0.509716
2.348096
1.467180
3.095958
2.277792
0.223134
0.354319
3.477084
0.236501
0.099478
0.742258
3.997087
2.039647
1.017627
0.302557
3.863028
1.412835
0.718114
1.250988
0.374227
1.997114
1.941223
0.799147
0.521781
0.026704
0.803605
0.054904
2.977026
1.031538
1.164734
1.446366
1.977358
0.283847
0.070452
1.073158
3.344116
0.302067
1.723645
2.023201
0.579923
1.967697
5.852730
0.246993
0.617054
0.846851
0.592953
0.256902
3.818270
1.633942
1.761588
0.045395
0.421002
0.463095
0.867223
1.087580
0.496816
2.295959
1.183113
10.317214
0.179153
4.377803
1.422805
2.500828
0.040962
1.569023
0.275925
3.572498
2.303005
2.451597
1.265143
5.483623
0.808753
1.072917
0.106215
1.823000
2.857440
0.737173
2.536114
1.894408
4.027623
0.725295
2.013623
0.115984
1.430227
8.603294
1.291760
2.624763
2.212341
5.110668
2.582493
2.811837
3.324559
0.533452
1.263999
3.550590
3.008125
1.819327
2.175220
1.238356
0.724286
0.282562
1.012206
2.023537
1.583458
1.191611
0.534462
0.734385
2.830789
6.120580
5.038991
1.954690
0.594911
1.615401
2.279080
2.923397
1.555544
0.338809
1.382217
0.470807
0.162781
0.507339
6.682449
4.386752
1.225601
1.135069
2.538993
0.538226
0.061782
0.962553
2.391720
0.813640
1.442109
0.199013
7.057646
0.125241
1.568760
0.459239
0.917807
0.715544
0.344640
0.678017
5.166154
1.074286
3.685787
1.855172
0.406050
0.963223
2.856946
2.295954
1.792785
3.646400
4.745449
1.626419
2.596219
0.908079
9.140734
1.181107
1.837014
0.040537
3.520352
0.708903
0.874843
0.836329
0.998973
0.785970
1.029822
5.521484
1.510579
2.943444
0.542365
2.332170
0.119487
0.353430
0.219630
4.597886
2.908925
0.678631
0.662148
1.496473
7.044311
4.139919
0.909179
4.195014
1.125560
0.193559
0.554619
1.089532
1.545348
3.703856
1.159948
0.912071
0.305155
3.163526
2.461695
1.529996
0.254188
0.233969
1.275124
2.096643
4.255102
2.468474
0.824647
5.589342
4.094719
1.166398
3.646503
2.028904
2.615944
0.256458
0.358728
2.408589
10.285130
1.507877
1.722348
1.105150
1.944316
3.424212
3.722944
0.348606
2.172856
0.669948
1.493798
3.260178
0.164658
0.533463
0.827256
0.442241
0.844783
3.323290
3.765835
0.510801
1.464261
0.410962
0.358873
0.988729
1.975757
0.005526
0.055648
0.884050
0.262741
0.425493
0.118148
0.249460
2.554012
2.014058
1.560893
0.839726
1.211049
0.976677
1.397609
0.248390
2.223385
0.058831
5.073584
2.772824
0.610628
0.601220
5.928833
1.871104
0.144726
3.181860
3.579817
1.777953
8.035681
11.816748
7.723139
1.881384
0.000085
0.012852
6.816977
0.262838
0.441404
0.049142
0.549964
5.030894
2.151564
3.048474
0.607721
0.240229
0.369211
2.895121
0.522660
3.659745
3.158241
0.327047
1.781223
0.117276
1.056916
1.544401
2.184759
1.308983
0.813738
1.376746
0.143459
0.760405
1.365960
0.098764
5.205202
1.366128
0.112269
4.466644
1.925102
0.582396
4.980237
3.910868
0.377014
1.716368
2.047250
1.137763
2.337531
3.313871
0.443036
5.032126
2.093046
9.796960
0.145306
0.544769
0.101522
1.310021
2.996182
2.504062
6.481072
0.234669
0.475712
0.061072
1.113701
2.452262
0.162978
0.870535
0.450059
0.285075
0.564027
3.425046
0.973818
0.355471
2.266948
1.629646
2.685743
0.767789
9.448803
1.117774
0.274102
0.421004
0.853514
3.000427
0.402677
1.080696
0.030951
0.527563
4.565911
3.138510
5.835139
3.916215
4.656049
0.343045
4.395536
0.799466
3.993042
6.835034
2.293984
0.135916
0.210834
5.266235
4.330702
1.329229
0.190781
1.657372
0.087508
3.542590
4.277092
0.069047
0.596926
0.020602
0.506579
1.859868
3.094482
1.042160
0.046280
3.244255
2.032110
5.073887
1.804389
1.753731
3.026138
1.373668
2.705979
2.209560
3.501247
1.861422
2.020777
1.421579
2.225993
2.663411
1.148559
1.627096
0.500777
1.501010
0.255882
0.613898
0.885584
0.004543
0.708346
1.913192
0.025192
1.476302
0.500058
3.215703
5.265639
0.559683
1.843634
1.669902
0.360619
0.437621
0.325083
5.791971
2.364158
4.442981
1.901100
1.466663
1.375441
0.573749
0.057699
0.369545
8.449034
1.252200
2.585053
0.463534
9.981316
3.735363
1.274219
0.864516
3.764953
2.934381
6.807980
3.936575
0.689015
0.416464
2.157541
0.495783
1.131541
0.608140
3.080378
1.817966
1.227626
5.487720
1.560993
0.329929
3.511600
0.337531
2.228081
0.784635
1.037337
2.409329
1.359344
0.988772
0.361928
0.493440
1.817260
0.345693
0.132620
0.141071
1.425440
4.859622
3.634558
1.294249
2.959019
0.276143
2.183863
1.132103
0.857013
0.202980
2.371141
0.288152
2.365572
0.332452
0.144833
0.536799
0.728324
4.547756
0.990859
7.543766
0.501025
3.173183
2.261437
2.509233
0.410197
3.699622
5.419768
3.049798
0.002935
12.076896
3.800411
1.431431
4.806166
2.329471
8.781517
2.290226
3.396083
2.111341
0.242188
0.361790
2.761031
3.305500
0.712365
1.167249
6.520570
0.922522
2.263459
0.620793
0.620127
0.141308
0.558992
1.339634
3.984238
5.077471
0.453833
0.100539
2.885873
0.293449
3.560261
2.898326
0.287932
2.290439
0.647008
0.089250
0.923565
0.613050
2.585288
0.413554
4.954847
3.658989
0.868582
2.184814
2.088150
2.110712
0.225708
1.881194
0.043353
3.067213
4.182204
0.679476
3.827307
0.256313
2.994371
2.517940
0.084392
7.750764
2.897025
3.270383
0.245967
1.814981
1.689421
0.574843
0.652320
3.750838
0.694719
2.089107
0.234661
0.038171
3.603015
0.054228
3.909641
0.414605
2.351039
1.412031
3.654663
3.199574
0.246592
3.940834
1.746004
9.771689
0.321851
1.141024
0.239215
5.177482
0.326963
0.334589
4.689712
4.951453
6.394936
0.040121
1.436366
1.507718
0.628505
3.127713
0.943729
1.656165
1.155441
1.334456
1.744637
0.639788
1.441533
1.161169
1.236080
0.458731
5.868207
0.713801
0.006054
0.129759
0.350516
1.760529
0.113706
0.740400
0.040591
0.367842
0.533902
0.374849
0.777358
0.297994
0.181615
0.660296
0.344637
1.828431
3.328160
1.117072
0.988074
0.413550
9.436231
3.528276
2.239681
1.702348
0.216149
0.414759
0.027215
1.657657
0.995986
6.454672
3.984293
1.005957
0.046858
0.049317
7.884983
0.163339
0.812213
0.001382
0.565846
1.678892
0.376517
1.680838
2.451608
0.597907
3.789616
4.001516
3.897879
2.159314
0.692661
0.568487
3.755749
0.667562
0.158265
1.471080
3.888088
0.393300
2.462292
4.086472
2.709293
0.211372
3.552501
1.860572
1.368638
3.846724
1.988052
1.293163
5.385600
6.630614
1.295803
0.393809
1.517409
2.090846
2.750324
0.544157
4.747367
1.816914
0.217338
2.891562
0.594501
1.007350
0.023851
0.220137
2.275644
0.184093
1.961555
1.537292
0.619743
0.809999
1.044282
0.016912
1.135906
0.542251
1.903730
5.286833
0.191622
0.559152
1.038551
0.047916
0.465310
4.272551
0.452307
2.688771
1.511591
5.975757
7.588991
1.149755
1.581343
0.167804
0.450451
3.255224
1.293187
0.480373
4.768226
0.338392
0.717514
1.522038
2.355415
1.678264
4.017335
0.207983
1.717625
0.710918
0.819688
0.422219
0.517621
1.115872
1.139066
2.005219
1.200348
2.053234
1.447152
2.120832
0.959569
0.092818
1.849120
0.888170
1.317779
0.324459
1.156310
2.305536
6.130418
4.935875
4.560811
3.949229
0.147071
0.444321
1.001734
2.878656
2.914530
0.601745
3.956370
0.841552
1.637313
0.441109
1.526183
3.092991
1.964524
6.883260
1.089751
0.159864
1.882042
5.468935
2.622441
9.388922
7.866480
0.812340
0.859854
1.243493
1.321581
3.107166
0.318537
1.148642
2.433114
0.092067
0.707924
2.980188
0.559965
2.355917
1.542484
0.022791
6.069824
1.019124
0.876369
1.430366
1.818469
4.388730
0.707371
0.503869
3.883652
2.531628
0.711994
1.255952
2.117218
0.060989
1.221967
2.007414
0.904602
3.286264
0.202905
3.759799
1.808416
0.558658
0.669009
0.710179
0.681319
1.746490
0.152764
1.522433
0.641786
1.888863
1.571546
0.513453
0.020789
4.585789
2.673619
1.870480
3.098539
0.071714
3.546418
2.066520
2.798454
0.277922
0.234156
1.042675
0.348164
1.677120
0.081135
1.483035
0.937749
0.292902
0.927261
6.975579
0.955881
2.130229
0.624827
2.209099
0.542876
0.836671
0.450146
1.435767
6.113433
2.739069
2.683687
6.609895
2.070154
1.292352
1.691698
1.132669
1.431506
1.025054
0.159283
0.614106
1.513273
0.414139
2.221345
2.345788
2.810582
2.478636
0.481952
0.276223
3.750069
1.759646
0.207235
0.513895
0.550072
0.913783
4.511996
1.300838
2.466182
0.203563
9.289729
2.166862
3.697265
2.611463
1.960947
1.336318
0.458776
0.435501
5.045127
2.518661
1.816118
11.198448
7.879233
0.272674
0.405056
2.106553
3.407294
5.562552
0.897660
0.065297
0.138784
0.467084
1.920825
0.361770
1.141388
3.899921
1.519513
0.801248
0.818624
0.551057
1.113289
0.789888
4.653692
0.627830
0.113793
1.498434
2.827473
0.602988
2.567022
2.257197
7.496740
0.770240
2.234447
6.292562
1.185093
3.877957
1.873983
0.615944
3.161602
7.001185
0.705323
3.949857
0.392264
4.917308
0.054121
1.898471
2.958314
1.637046
5.731554
0.228720
3.216342
0.923855
1.139544
2.422287
2.039699
1.345332
0.521190
1.008753
2.772121
6.087499
0.150809
2.592070
0.634840
2.736474
2.300066
2.539210
1.840567
0.689405
8.285563
1.007646
0.605969
0.660640
0.594152
1.157800
0.435706
0.667340
0.107748
6.879469
3.698277
10.811691
0.158065
2.056534
0.909653
1.428071
0.844767
0.009608
22.941492
1.706276
1.024689
2.772038
1.494229
1.283169
1.293736
3.201386
0.494327
0.347970
1.456723
3.436062
1.200258
1.391991
0.487623
2.494098
3.053216
1.282541
0.330065
7.678014
2.830104
0.457776
5.852852
1.831154
0.446518
0.045313
0.554377
1.667276
1.521730
1.766706
1.689461
1.521685
0.349969
7.097364
0.664407
2.321815
1.176781
2.845711
1.327338
2.179902
5.018371
0.004690
1.324646
0.923832
1.401409
2.412701
0.172365
0.675126
0.382538
0.534993
0.615709
5.352419
1.157101
0.474966
1.513840
2.039871
0.532602
2.965427
0.458615
2.909400
0.891277
2.985469
0.711228
1.468416
2.744627
1.744144
0.463644
0.424556
0.833732
2.355013
3.862417
0.601012
2.370278
0.829138
1.985701
0.441445
0.081826
2.489966
1.325444
0.482047
5.865935
2.768844
0.314135
0.975686
6.484349
2.255533
0.051523
0.433113
1.192852
0.523635
6.500859
3.308957
0.011214
0.603561
0.797742
2.789230
3.695581
1.535032
5.741079
0.404981
0.516997
3.202530
1.169885
5.104299
0.296382
0.150187
0.256000
0.391595
3.068636
1.856222
0.995155
2.627267
0.874629
1.541577
0.249335
0.757119
0.480570
0.307800
1.426152
2.174275
0.933588
1.273943
1.275909
0.951503
2.630611
3.224391
0.280027
1.706738
0.820110
0.153730
2.832094
1.661033
4.116834
0.446764
1.332083
0.020258
0.636376
1.864883
0.416261
0.117232
0.474253
1.734513
3.103187
1.666384
0.249425
4.714069
4.248765
0.803480
0.098257
0.989770
10.123343
1.092671
3.953295
1.252072
3.214025
1.798252
0.618066
5.323327
0.365677
1.843762
0.008324
5.165288
0.364017
4.182987
0.266187
2.114944
4.353232
1.012176
0.599714
0.154787
1.210573
1.270452
2.124783
0.554598
0.072342
2.953497
0.319097
4.954304
0.216209
0.434852
0.731653
0.202142
1.916024
0.367471
1.648445
1.075227
2.861905
3.512027
0.849380
5.262631
1.122476
0.862122
3.827073
1.812202
0.514120
7.549675
0.571556
0.240392
0.937481
1.417116
0.415840
3.523922
7.618089
3.691585
0.146140
0.026891
1.902390
0.491637
5.300695
2.518880
1.066649
0.537721
3.346017
0.060287
1.033668
0.935988
1.179569
0.359481
0.448815
3.136408
0.194188
1.991254
0.305747
5.799817
0.513431
0.919125
5.102888
1.288646
1.314378
0.702639
8.105838
2.213823
0.265996
6.460837
1.432919
0.433820
7.285093
0.267617
1.065234
4.669963
3.683109
3.500644
0.299177
2.121175
3.875550
1.564097
0.055751
0.717724
2.455474
0.518840
0.195468
3.214626
3.918121
0.535424
2.729428
0.178582
1.849209
2.196688
1.643793
0.177674
6.583875
1.566281
2.808322
0.182809
1.400305
0.618352
0.663544
1.297514
0.992500
2.376739
0.957661
0.529546
1.474467
1.465567
4.349575
0.948153
0.127931
4.903518
2.273062
2.930744
0.307139
2.958395
1.681358
0.002738
0.014153
0.751217
0.181577
1.885080
7.794871
2.083662
2.377305
5.712789
0.421993
1.194930
0.060662
2.366469
2.515759
0.748587
0.375115
0.226191
0.015071
1.603742
0.829681
1.506098
0.147167
0.512166
4.741979
0.285212
0.301135
1.762239
4.643785
0.662959
0.885901
1.271624
0.666775
0.907984
3.061471
0.925012
7.399918
2.882174
0.035286
2.221232
2.447358
0.465659
0.256666
2.661566
4.633874
3.618016
0.098285
0.150403
5.733552
0.114118
1.956090
0.664445
1.756706
2.374205
1.420971
1.351184
3.518201
2.090378
0.159876
2.616539
5.333252
1.140752
0.446805
0.481651
3.214874
8.249288
1.755667
2.982197
2.750000
1.841630
1.179445
1.206666
3.316385
1.669229
0.418344
2.482256
1.028803
0.540205
3.059271
0.847033
0.691076
1.046268
1.977358
4.186169
0.215696
0.293584
0.917222
5.319556
3.073316
1.176368
2.156142
2.513447
4.229759
3.931598
5.302474
2.272326
3.713068
1.442080
1.209637
1.787822
0.245599
4.592117
0.089914
5.182567
1.252112
0.529770
2.021303
4.041520
1.267511
1.087399
0.478305
2.867317
3.505963
3.673143
2.033653
5.289569
7.558816
0.012232
3.918212
2.871516
1.198449
1.462797
1.298185
0.801298
0.951948
1.044839
0.018215
0.503362
5.068274
1.243115
3.358160
0.073803
0.899580
3.895648
6.504103
3.515196
0.188889
1.819243
2.374800
1.639808
0.033737
4.765243
0.774537
3.709022
2.759265
6.405507
2.960769
2.585555
6.730550
1.996442
1.337135
1.076428
0.325579
6.706984
2.743402
1.505583
0.930284
2.816190
2.784282
0.692386
0.492527
1.664413
0.797535
1.737486
1.097498
0.685427
1.048710
1.436723
4.369282
0.217510
0.149395
4.691171
0.021599
0.998673
2.754110
2.846500
0.869016
1.468477
1.325480
0.765053
0.328794
7.159750
2.649076
0.718569
5.534287
1.309388
3.553048
0.739558
0.537826
1.745659
1.841286
1.210543
0.318329
5.335455
0.070416
1.685486
0.498843
1.169154
0.170945
0.229095
1.578030
0.334229
0.025035
1.625887
1.583567
2.855223
0.758191
4.592821
0.657697
3.219703
0.489871
1.130714
2.958606
6.044932
2.646018
2.471356
1.130275
1.662254
0.037296
2.202280
0.317227
1.936286
0.259266
0.695765
1.600586
0.339626
3.979789
2.952886
1.826770
5.808558
4.236891
0.312241
0.208742
4.455346
2.414580
2.077329
2.113060
0.033302
1.576910
5.393864
3.392127
2.876846
0.906468
1.777349
2.503648
0.206499
0.708105
0.315029
2.172616
0.761458
3.355900
3.313205
5.524468
5.461379
0.217470
1.337503
0.190828
6.781832
0.600058
2.341329
4.850270
0.299287
3.596158
0.021400
0.063406
1.533056
2.138392
2.301154
1.605432
0.451717
1.914922
0.919270
6.697259
7.881311
6.306421
2.271911
0.163858
0.589943
3.481603
2.703418
1.697657
2.031470
1.598866
1.422352
1.700489
2.119447
11.359547
2.179460
1.933960
0.590861
0.872463
1.515603
1.004306
0.416301
1.561541
1.110182
2.569584
0.442946
0.232002
0.643668
1.024426
2.586770
2.063782
0.910465
2.449875
1.837351
0.091217
3.073178
3.881443
4.068241
1.493470
1.118925
1.414770
0.159180
5.542538
0.166237
2.618320
5.436297
2.720868
0.860716
0.420929
0.204027
4.257733
1.756863
0.670659
1.099739
0.021203
0.016446
1.943806
0.255829
0.666395
0.045451
3.738113
5.235651
0.982598
1.605722
1.501516
1.133921
0.821482
0.970287
0.718951
3.974525
3.351956
3.311237
5.608072
2.774929
4.392562
2.213620
2.305897
2.000620
0.038594
4.144337
2.612876
4.607967
1.227392
0.028431
0.780507
1.266737
0.045114
5.791856
1.779642
0.729632
6.835979
1.141864
0.529792
0.878222
8.678890
2.860121
3.103695
0.782525
0.313534
0.188844
0.413378
6.338815
4.587797
0.269721
2.463811
3.101504
3.174866
0.997002
1.089958
3.371149
0.620256
0.323540
2.509142
2.584155
0.357005
0.077308
0.432583
0.411055
8.110489
3.062829
1.352415
5.987089
0.493776
2.575957
0.728496
